 -3.1415901184E+00  0.0000000000E+00  2.19159E-02  2.84480E-01
 -3.1415901184E+00  2.0000000000E-01  2.82306E-03  8.94035E-01
 -3.1415901184E+00  4.0000000000E-01  1.42663E-03  1.00507E+00
 -3.1415901184E+00  6.0000000000E-01  8.64840E-04  1.27402E+00
 -3.1415901184E+00  8.0000000000E-01  5.63383E-04  1.36840E+00
 -3.1415901184E+00  1.0000000000E+00  3.94882E-04  1.33654E+00
 -3.1415901184E+00  1.2000000000E+00  2.87120E-04  1.38047E+00
 -3.1415901184E+00  1.4000000000E+00  2.16080E-04  1.55739E+00
 -3.1415901184E+00  1.6000000000E+00  1.67548E-04  1.47675E+00
 -3.1415901184E+00  1.8000000000E+00  1.31420E-04  1.47740E+00
 -3.1415901184E+00  2.0000000000E+00  1.04595E-04  1.46891E+00
 -3.1415901184E+00  2.2000000000E+00  8.49239E-05  1.59233E+00
 -3.1415901184E+00  2.4000000000E+00  7.00102E-05  1.77404E+00
 -3.1415901184E+00  2.6000000000E+00  5.86631E-05  1.86323E+00
 -3.1415901184E+00  2.8000000000E+00  4.92648E-05  2.06410E+00
 -3.1415901184E+00  3.0000000000E+00  4.12023E-05  2.13616E+00
 -3.1415901184E+00  3.2000000000E+00  3.50887E-05  2.11347E+00
 -3.1415901184E+00  3.4000000000E+00  3.00504E-05  1.97375E+00
 -3.1415901184E+00  3.6000000000E+00  2.60748E-05  2.56144E+00
 -3.1415901184E+00  3.8000000000E+00  2.24835E-05  2.88213E+00
 -3.1415901184E+00  4.0000000000E+00  1.96274E-05  2.87350E+00
 -3.1415901184E+00  4.2000000000E+00  1.72114E-05  2.71931E+00
 -3.1415901184E+00  4.4000000000E+00  1.53257E-05  3.17275E+00
 -3.1415901184E+00  4.6000000000E+00  1.32520E-05  3.42906E+00
 -3.1415901184E+00  4.8000000000E+00  1.18126E-05  2.72470E+00
 -3.1415901184E+00  5.0000000000E+00  1.02814E-05  2.16465E+00
 -3.1415901184E+00  5.2000000000E+00  9.13955E-06  2.13528E+00
 -3.1415901184E+00  5.4000000000E+00  8.19187E-06  2.96956E+00
 -3.1415901184E+00  5.6000000000E+00  7.68477E-06  2.72603E+00
 -3.1415901184E+00  5.8000000000E+00  6.76398E-06  2.90899E+00
 -3.1415901184E+00  6.0000000000E+00  5.97610E-06  3.26420E+00
 -3.1415901184E+00  6.2000000000E+00  5.38507E-06  3.00553E+00
 -3.1415901184E+00  6.4000000000E+00  4.83813E-06  3.11555E+00
 -3.1415901184E+00  6.6000000000E+00  4.34411E-06  3.50792E+00
 -3.1415901184E+00  6.8000000000E+00  3.80706E-06  4.46784E+00
 -3.1415901184E+00  7.0000000000E+00  3.35032E-06  4.21668E+00
 -3.1415901184E+00  7.2000000000E+00  2.99978E-06  3.28738E+00
 -3.1415901184E+00  7.4000000000E+00  2.65773E-06  4.00476E+00
 -3.1415901184E+00  7.6000000000E+00  2.35459E-06  4.22599E+00
 -3.1415901184E+00  7.8000000000E+00  2.11558E-06  5.26167E+00
 -3.1415901184E+00  8.0000000000E+00  1.92684E-06  5.48280E+00
 -3.1415901184E+00  8.2000000000E+00  1.79743E-06  5.22461E+00
 -3.1415901184E+00  8.4000000000E+00  1.63334E-06  6.37029E+00
 -3.1415901184E+00  8.6000000000E+00  1.46703E-06  7.92351E+00
 -3.1415901184E+00  8.8000000000E+00  1.37965E-06  7.69129E+00
 -3.1415901184E+00  9.0000000000E+00  1.23342E-06  7.05981E+00
 -3.1415901184E+00  9.2000000000E+00  1.14362E-06  7.13626E+00
 -3.1415901184E+00  9.4000000000E+00  1.06914E-06  7.77209E+00
 -3.1415901184E+00  9.6000000000E+00  9.66437E-07  9.13837E+00
 -3.1415901184E+00  9.8000000000E+00  8.67356E-07  7.73202E+00
 -3.1415901184E+00  1.0000000000E+01  8.67356E-07  7.73202E+00

 -2.9321507772E+00  0.0000000000E+00  2.19159E-02  2.84480E-01
 -2.9321507772E+00  2.0000000000E-01  2.82306E-03  8.94035E-01
 -2.9321507772E+00  4.0000000000E-01  1.42663E-03  1.00507E+00
 -2.9321507772E+00  6.0000000000E-01  8.64840E-04  1.27402E+00
 -2.9321507772E+00  8.0000000000E-01  5.63383E-04  1.36840E+00
 -2.9321507772E+00  1.0000000000E+00  3.94882E-04  1.33654E+00
 -2.9321507772E+00  1.2000000000E+00  2.87120E-04  1.38047E+00
 -2.9321507772E+00  1.4000000000E+00  2.16080E-04  1.55739E+00
 -2.9321507772E+00  1.6000000000E+00  1.67548E-04  1.47675E+00
 -2.9321507772E+00  1.8000000000E+00  1.31420E-04  1.47740E+00
 -2.9321507772E+00  2.0000000000E+00  1.04595E-04  1.46891E+00
 -2.9321507772E+00  2.2000000000E+00  8.49239E-05  1.59233E+00
 -2.9321507772E+00  2.4000000000E+00  7.00102E-05  1.77404E+00
 -2.9321507772E+00  2.6000000000E+00  5.86631E-05  1.86323E+00
 -2.9321507772E+00  2.8000000000E+00  4.92648E-05  2.06410E+00
 -2.9321507772E+00  3.0000000000E+00  4.12023E-05  2.13616E+00
 -2.9321507772E+00  3.2000000000E+00  3.50887E-05  2.11347E+00
 -2.9321507772E+00  3.4000000000E+00  3.00504E-05  1.97375E+00
 -2.9321507772E+00  3.6000000000E+00  2.60748E-05  2.56144E+00
 -2.9321507772E+00  3.8000000000E+00  2.24835E-05  2.88213E+00
 -2.9321507772E+00  4.0000000000E+00  1.96274E-05  2.87350E+00
 -2.9321507772E+00  4.2000000000E+00  1.72114E-05  2.71931E+00
 -2.9321507772E+00  4.4000000000E+00  1.53257E-05  3.17275E+00
 -2.9321507772E+00  4.6000000000E+00  1.32520E-05  3.42906E+00
 -2.9321507772E+00  4.8000000000E+00  1.18126E-05  2.72470E+00
 -2.9321507772E+00  5.0000000000E+00  1.02814E-05  2.16465E+00
 -2.9321507772E+00  5.2000000000E+00  9.13955E-06  2.13528E+00
 -2.9321507772E+00  5.4000000000E+00  8.19187E-06  2.96956E+00
 -2.9321507772E+00  5.6000000000E+00  7.68477E-06  2.72603E+00
 -2.9321507772E+00  5.8000000000E+00  6.76398E-06  2.90899E+00
 -2.9321507772E+00  6.0000000000E+00  5.97610E-06  3.26420E+00
 -2.9321507772E+00  6.2000000000E+00  5.38507E-06  3.00553E+00
 -2.9321507772E+00  6.4000000000E+00  4.83813E-06  3.11555E+00
 -2.9321507772E+00  6.6000000000E+00  4.34411E-06  3.50792E+00
 -2.9321507772E+00  6.8000000000E+00  3.80706E-06  4.46784E+00
 -2.9321507772E+00  7.0000000000E+00  3.35032E-06  4.21668E+00
 -2.9321507772E+00  7.2000000000E+00  2.99978E-06  3.28738E+00
 -2.9321507772E+00  7.4000000000E+00  2.65773E-06  4.00476E+00
 -2.9321507772E+00  7.6000000000E+00  2.35459E-06  4.22599E+00
 -2.9321507772E+00  7.8000000000E+00  2.11558E-06  5.26167E+00
 -2.9321507772E+00  8.0000000000E+00  1.92684E-06  5.48280E+00
 -2.9321507772E+00  8.2000000000E+00  1.79743E-06  5.22461E+00
 -2.9321507772E+00  8.4000000000E+00  1.63334E-06  6.37029E+00
 -2.9321507772E+00  8.6000000000E+00  1.46703E-06  7.92351E+00
 -2.9321507772E+00  8.8000000000E+00  1.37965E-06  7.69129E+00
 -2.9321507772E+00  9.0000000000E+00  1.23342E-06  7.05981E+00
 -2.9321507772E+00  9.2000000000E+00  1.14362E-06  7.13626E+00
 -2.9321507772E+00  9.4000000000E+00  1.06914E-06  7.77209E+00
 -2.9321507772E+00  9.6000000000E+00  9.66437E-07  9.13837E+00
 -2.9321507772E+00  9.8000000000E+00  8.67356E-07  7.73202E+00
 -2.9321507772E+00  1.0000000000E+01  8.67356E-07  7.73202E+00

 -2.7227114360E+00  0.0000000000E+00  2.19159E-02  2.84480E-01
 -2.7227114360E+00  2.0000000000E-01  2.82306E-03  8.94035E-01
 -2.7227114360E+00  4.0000000000E-01  1.42663E-03  1.00507E+00
 -2.7227114360E+00  6.0000000000E-01  8.64840E-04  1.27402E+00
 -2.7227114360E+00  8.0000000000E-01  5.63383E-04  1.36840E+00
 -2.7227114360E+00  1.0000000000E+00  3.94882E-04  1.33654E+00
 -2.7227114360E+00  1.2000000000E+00  2.87120E-04  1.38047E+00
 -2.7227114360E+00  1.4000000000E+00  2.16080E-04  1.55739E+00
 -2.7227114360E+00  1.6000000000E+00  1.67548E-04  1.47675E+00
 -2.7227114360E+00  1.8000000000E+00  1.31420E-04  1.47740E+00
 -2.7227114360E+00  2.0000000000E+00  1.04595E-04  1.46891E+00
 -2.7227114360E+00  2.2000000000E+00  8.49239E-05  1.59233E+00
 -2.7227114360E+00  2.4000000000E+00  7.00102E-05  1.77404E+00
 -2.7227114360E+00  2.6000000000E+00  5.86631E-05  1.86323E+00
 -2.7227114360E+00  2.8000000000E+00  4.92648E-05  2.06410E+00
 -2.7227114360E+00  3.0000000000E+00  4.12023E-05  2.13616E+00
 -2.7227114360E+00  3.2000000000E+00  3.50887E-05  2.11347E+00
 -2.7227114360E+00  3.4000000000E+00  3.00504E-05  1.97375E+00
 -2.7227114360E+00  3.6000000000E+00  2.60748E-05  2.56144E+00
 -2.7227114360E+00  3.8000000000E+00  2.24835E-05  2.88213E+00
 -2.7227114360E+00  4.0000000000E+00  1.96274E-05  2.87350E+00
 -2.7227114360E+00  4.2000000000E+00  1.72114E-05  2.71931E+00
 -2.7227114360E+00  4.4000000000E+00  1.53257E-05  3.17275E+00
 -2.7227114360E+00  4.6000000000E+00  1.32520E-05  3.42906E+00
 -2.7227114360E+00  4.8000000000E+00  1.18126E-05  2.72470E+00
 -2.7227114360E+00  5.0000000000E+00  1.02814E-05  2.16465E+00
 -2.7227114360E+00  5.2000000000E+00  9.13955E-06  2.13528E+00
 -2.7227114360E+00  5.4000000000E+00  8.19187E-06  2.96956E+00
 -2.7227114360E+00  5.6000000000E+00  7.68477E-06  2.72603E+00
 -2.7227114360E+00  5.8000000000E+00  6.76398E-06  2.90899E+00
 -2.7227114360E+00  6.0000000000E+00  5.97610E-06  3.26420E+00
 -2.7227114360E+00  6.2000000000E+00  5.38507E-06  3.00553E+00
 -2.7227114360E+00  6.4000000000E+00  4.83813E-06  3.11555E+00
 -2.7227114360E+00  6.6000000000E+00  4.34411E-06  3.50792E+00
 -2.7227114360E+00  6.8000000000E+00  3.80706E-06  4.46784E+00
 -2.7227114360E+00  7.0000000000E+00  3.35032E-06  4.21668E+00
 -2.7227114360E+00  7.2000000000E+00  2.99978E-06  3.28738E+00
 -2.7227114360E+00  7.4000000000E+00  2.65773E-06  4.00476E+00
 -2.7227114360E+00  7.6000000000E+00  2.35459E-06  4.22599E+00
 -2.7227114360E+00  7.8000000000E+00  2.11558E-06  5.26167E+00
 -2.7227114360E+00  8.0000000000E+00  1.92684E-06  5.48280E+00
 -2.7227114360E+00  8.2000000000E+00  1.79743E-06  5.22461E+00
 -2.7227114360E+00  8.4000000000E+00  1.63334E-06  6.37029E+00
 -2.7227114360E+00  8.6000000000E+00  1.46703E-06  7.92351E+00
 -2.7227114360E+00  8.8000000000E+00  1.37965E-06  7.69129E+00
 -2.7227114360E+00  9.0000000000E+00  1.23342E-06  7.05981E+00
 -2.7227114360E+00  9.2000000000E+00  1.14362E-06  7.13626E+00
 -2.7227114360E+00  9.4000000000E+00  1.06914E-06  7.77209E+00
 -2.7227114360E+00  9.6000000000E+00  9.66437E-07  9.13837E+00
 -2.7227114360E+00  9.8000000000E+00  8.67356E-07  7.73202E+00
 -2.7227114360E+00  1.0000000000E+01  8.67356E-07  7.73202E+00

 -2.5132720947E+00  0.0000000000E+00  2.16990E-02  3.45370E-01
 -2.5132720947E+00  2.0000000000E-01  2.79135E-03  6.31109E-01
 -2.5132720947E+00  4.0000000000E-01  1.43094E-03  8.71051E-01
 -2.5132720947E+00  6.0000000000E-01  8.62724E-04  1.10746E+00
 -2.5132720947E+00  8.0000000000E-01  5.71943E-04  1.06508E+00
 -2.5132720947E+00  1.0000000000E+00  4.04502E-04  1.03920E+00
 -2.5132720947E+00  1.2000000000E+00  2.93053E-04  1.25478E+00
 -2.5132720947E+00  1.4000000000E+00  2.21849E-04  1.48577E+00
 -2.5132720947E+00  1.6000000000E+00  1.71304E-04  1.63592E+00
 -2.5132720947E+00  1.8000000000E+00  1.34855E-04  1.65119E+00
 -2.5132720947E+00  2.0000000000E+00  1.08227E-04  1.80884E+00
 -2.5132720947E+00  2.2000000000E+00  8.78481E-05  1.84928E+00
 -2.5132720947E+00  2.4000000000E+00  7.21413E-05  1.74102E+00
 -2.5132720947E+00  2.6000000000E+00  5.93874E-05  1.96850E+00
 -2.5132720947E+00  2.8000000000E+00  4.90313E-05  2.20086E+00
 -2.5132720947E+00  3.0000000000E+00  4.18147E-05  2.46533E+00
 -2.5132720947E+00  3.2000000000E+00  3.55188E-05  2.52077E+00
 -2.5132720947E+00  3.4000000000E+00  3.05226E-05  2.35875E+00
 -2.5132720947E+00  3.6000000000E+00  2.62760E-05  2.39481E+00
 -2.5132720947E+00  3.8000000000E+00  2.28272E-05  2.62990E+00
 -2.5132720947E+00  4.0000000000E+00  2.02911E-05  2.45598E+00
 -2.5132720947E+00  4.2000000000E+00  1.78153E-05  2.87119E+00
 -2.5132720947E+00  4.4000000000E+00  1.54716E-05  3.16285E+00
 -2.5132720947E+00  4.6000000000E+00  1.36308E-05  3.56093E+00
 -2.5132720947E+00  4.8000000000E+00  1.20007E-05  3.56880E+00
 -2.5132720947E+00  5.0000000000E+00  1.06666E-05  3.80725E+00
 -2.5132720947E+00  5.2000000000E+00  9.53605E-06  3.80543E+00
 -2.5132720947E+00  5.4000000000E+00  8.46252E-06  3.68917E+00
 -2.5132720947E+00  5.6000000000E+00  7.52037E-06  3.32484E+00
 -2.5132720947E+00  5.8000000000E+00  6.78035E-06  3.87195E+00
 -2.5132720947E+00  6.0000000000E+00  6.17016E-06  4.13606E+00
 -2.5132720947E+00  6.2000000000E+00  5.70011E-06  4.72284E+00
 -2.5132720947E+00  6.4000000000E+00  4.91836E-06  3.76085E+00
 -2.5132720947E+00  6.6000000000E+00  4.46077E-06  4.13961E+00
 -2.5132720947E+00  6.8000000000E+00  3.98105E-06  5.14596E+00
 -2.5132720947E+00  7.0000000000E+00  3.56298E-06  5.49564E+00
 -2.5132720947E+00  7.2000000000E+00  3.05867E-06  5.31410E+00
 -2.5132720947E+00  7.4000000000E+00  2.79798E-06  4.93063E+00
 -2.5132720947E+00  7.6000000000E+00  2.62746E-06  5.04923E+00
 -2.5132720947E+00  7.8000000000E+00  2.36502E-06  6.30361E+00
 -2.5132720947E+00  8.0000000000E+00  2.24866E-06  5.79479E+00
 -2.5132720947E+00  8.2000000000E+00  2.07617E-06  6.25873E+00
 -2.5132720947E+00  8.4000000000E+00  1.86336E-06  6.77216E+00
 -2.5132720947E+00  8.6000000000E+00  1.57806E-06  6.55735E+00
 -2.5132720947E+00  8.8000000000E+00  1.41305E-06  7.03699E+00
 -2.5132720947E+00  9.0000000000E+00  1.32898E-06  8.39402E+00
 -2.5132720947E+00  9.2000000000E+00  1.20223E-06  8.49542E+00
 -2.5132720947E+00  9.4000000000E+00  1.12806E-06  9.18309E+00
 -2.5132720947E+00  9.6000000000E+00  1.15874E-06  1.15382E+01
 -2.5132720947E+00  9.8000000000E+00  1.03376E-06  1.17978E+01
 -2.5132720947E+00  1.0000000000E+01  1.03376E-06  1.17978E+01

 -2.3038327535E+00  0.0000000000E+00  2.16990E-02  3.45370E-01
 -2.3038327535E+00  2.0000000000E-01  2.79135E-03  6.31109E-01
 -2.3038327535E+00  4.0000000000E-01  1.43094E-03  8.71051E-01
 -2.3038327535E+00  6.0000000000E-01  8.62724E-04  1.10746E+00
 -2.3038327535E+00  8.0000000000E-01  5.71943E-04  1.06508E+00
 -2.3038327535E+00  1.0000000000E+00  4.04502E-04  1.03920E+00
 -2.3038327535E+00  1.2000000000E+00  2.93053E-04  1.25478E+00
 -2.3038327535E+00  1.4000000000E+00  2.21849E-04  1.48577E+00
 -2.3038327535E+00  1.6000000000E+00  1.71304E-04  1.63592E+00
 -2.3038327535E+00  1.8000000000E+00  1.34855E-04  1.65119E+00
 -2.3038327535E+00  2.0000000000E+00  1.08227E-04  1.80884E+00
 -2.3038327535E+00  2.2000000000E+00  8.78481E-05  1.84928E+00
 -2.3038327535E+00  2.4000000000E+00  7.21413E-05  1.74102E+00
 -2.3038327535E+00  2.6000000000E+00  5.93874E-05  1.96850E+00
 -2.3038327535E+00  2.8000000000E+00  4.90313E-05  2.20086E+00
 -2.3038327535E+00  3.0000000000E+00  4.18147E-05  2.46533E+00
 -2.3038327535E+00  3.2000000000E+00  3.55188E-05  2.52077E+00
 -2.3038327535E+00  3.4000000000E+00  3.05226E-05  2.35875E+00
 -2.3038327535E+00  3.6000000000E+00  2.62760E-05  2.39481E+00
 -2.3038327535E+00  3.8000000000E+00  2.28272E-05  2.62990E+00
 -2.3038327535E+00  4.0000000000E+00  2.02911E-05  2.45598E+00
 -2.3038327535E+00  4.2000000000E+00  1.78153E-05  2.87119E+00
 -2.3038327535E+00  4.4000000000E+00  1.54716E-05  3.16285E+00
 -2.3038327535E+00  4.6000000000E+00  1.36308E-05  3.56093E+00
 -2.3038327535E+00  4.8000000000E+00  1.20007E-05  3.56880E+00
 -2.3038327535E+00  5.0000000000E+00  1.06666E-05  3.80725E+00
 -2.3038327535E+00  5.2000000000E+00  9.53605E-06  3.80543E+00
 -2.3038327535E+00  5.4000000000E+00  8.46252E-06  3.68917E+00
 -2.3038327535E+00  5.6000000000E+00  7.52037E-06  3.32484E+00
 -2.3038327535E+00  5.8000000000E+00  6.78035E-06  3.87195E+00
 -2.3038327535E+00  6.0000000000E+00  6.17016E-06  4.13606E+00
 -2.3038327535E+00  6.2000000000E+00  5.70011E-06  4.72284E+00
 -2.3038327535E+00  6.4000000000E+00  4.91836E-06  3.76085E+00
 -2.3038327535E+00  6.6000000000E+00  4.46077E-06  4.13961E+00
 -2.3038327535E+00  6.8000000000E+00  3.98105E-06  5.14596E+00
 -2.3038327535E+00  7.0000000000E+00  3.56298E-06  5.49564E+00
 -2.3038327535E+00  7.2000000000E+00  3.05867E-06  5.31410E+00
 -2.3038327535E+00  7.4000000000E+00  2.79798E-06  4.93063E+00
 -2.3038327535E+00  7.6000000000E+00  2.62746E-06  5.04923E+00
 -2.3038327535E+00  7.8000000000E+00  2.36502E-06  6.30361E+00
 -2.3038327535E+00  8.0000000000E+00  2.24866E-06  5.79479E+00
 -2.3038327535E+00  8.2000000000E+00  2.07617E-06  6.25873E+00
 -2.3038327535E+00  8.4000000000E+00  1.86336E-06  6.77216E+00
 -2.3038327535E+00  8.6000000000E+00  1.57806E-06  6.55735E+00
 -2.3038327535E+00  8.8000000000E+00  1.41305E-06  7.03699E+00
 -2.3038327535E+00  9.0000000000E+00  1.32898E-06  8.39402E+00
 -2.3038327535E+00  9.2000000000E+00  1.20223E-06  8.49542E+00
 -2.3038327535E+00  9.4000000000E+00  1.12806E-06  9.18309E+00
 -2.3038327535E+00  9.6000000000E+00  1.15874E-06  1.15382E+01
 -2.3038327535E+00  9.8000000000E+00  1.03376E-06  1.17978E+01
 -2.3038327535E+00  1.0000000000E+01  1.03376E-06  1.17978E+01

 -2.0943934123E+00  0.0000000000E+00  2.16990E-02  3.45370E-01
 -2.0943934123E+00  2.0000000000E-01  2.79135E-03  6.31109E-01
 -2.0943934123E+00  4.0000000000E-01  1.43094E-03  8.71051E-01
 -2.0943934123E+00  6.0000000000E-01  8.62724E-04  1.10746E+00
 -2.0943934123E+00  8.0000000000E-01  5.71943E-04  1.06508E+00
 -2.0943934123E+00  1.0000000000E+00  4.04502E-04  1.03920E+00
 -2.0943934123E+00  1.2000000000E+00  2.93053E-04  1.25478E+00
 -2.0943934123E+00  1.4000000000E+00  2.21849E-04  1.48577E+00
 -2.0943934123E+00  1.6000000000E+00  1.71304E-04  1.63592E+00
 -2.0943934123E+00  1.8000000000E+00  1.34855E-04  1.65119E+00
 -2.0943934123E+00  2.0000000000E+00  1.08227E-04  1.80884E+00
 -2.0943934123E+00  2.2000000000E+00  8.78481E-05  1.84928E+00
 -2.0943934123E+00  2.4000000000E+00  7.21413E-05  1.74102E+00
 -2.0943934123E+00  2.6000000000E+00  5.93874E-05  1.96850E+00
 -2.0943934123E+00  2.8000000000E+00  4.90313E-05  2.20086E+00
 -2.0943934123E+00  3.0000000000E+00  4.18147E-05  2.46533E+00
 -2.0943934123E+00  3.2000000000E+00  3.55188E-05  2.52077E+00
 -2.0943934123E+00  3.4000000000E+00  3.05226E-05  2.35875E+00
 -2.0943934123E+00  3.6000000000E+00  2.62760E-05  2.39481E+00
 -2.0943934123E+00  3.8000000000E+00  2.28272E-05  2.62990E+00
 -2.0943934123E+00  4.0000000000E+00  2.02911E-05  2.45598E+00
 -2.0943934123E+00  4.2000000000E+00  1.78153E-05  2.87119E+00
 -2.0943934123E+00  4.4000000000E+00  1.54716E-05  3.16285E+00
 -2.0943934123E+00  4.6000000000E+00  1.36308E-05  3.56093E+00
 -2.0943934123E+00  4.8000000000E+00  1.20007E-05  3.56880E+00
 -2.0943934123E+00  5.0000000000E+00  1.06666E-05  3.80725E+00
 -2.0943934123E+00  5.2000000000E+00  9.53605E-06  3.80543E+00
 -2.0943934123E+00  5.4000000000E+00  8.46252E-06  3.68917E+00
 -2.0943934123E+00  5.6000000000E+00  7.52037E-06  3.32484E+00
 -2.0943934123E+00  5.8000000000E+00  6.78035E-06  3.87195E+00
 -2.0943934123E+00  6.0000000000E+00  6.17016E-06  4.13606E+00
 -2.0943934123E+00  6.2000000000E+00  5.70011E-06  4.72284E+00
 -2.0943934123E+00  6.4000000000E+00  4.91836E-06  3.76085E+00
 -2.0943934123E+00  6.6000000000E+00  4.46077E-06  4.13961E+00
 -2.0943934123E+00  6.8000000000E+00  3.98105E-06  5.14596E+00
 -2.0943934123E+00  7.0000000000E+00  3.56298E-06  5.49564E+00
 -2.0943934123E+00  7.2000000000E+00  3.05867E-06  5.31410E+00
 -2.0943934123E+00  7.4000000000E+00  2.79798E-06  4.93063E+00
 -2.0943934123E+00  7.6000000000E+00  2.62746E-06  5.04923E+00
 -2.0943934123E+00  7.8000000000E+00  2.36502E-06  6.30361E+00
 -2.0943934123E+00  8.0000000000E+00  2.24866E-06  5.79479E+00
 -2.0943934123E+00  8.2000000000E+00  2.07617E-06  6.25873E+00
 -2.0943934123E+00  8.4000000000E+00  1.86336E-06  6.77216E+00
 -2.0943934123E+00  8.6000000000E+00  1.57806E-06  6.55735E+00
 -2.0943934123E+00  8.8000000000E+00  1.41305E-06  7.03699E+00
 -2.0943934123E+00  9.0000000000E+00  1.32898E-06  8.39402E+00
 -2.0943934123E+00  9.2000000000E+00  1.20223E-06  8.49542E+00
 -2.0943934123E+00  9.4000000000E+00  1.12806E-06  9.18309E+00
 -2.0943934123E+00  9.6000000000E+00  1.15874E-06  1.15382E+01
 -2.0943934123E+00  9.8000000000E+00  1.03376E-06  1.17978E+01
 -2.0943934123E+00  1.0000000000E+01  1.03376E-06  1.17978E+01

 -1.8849540710E+00  0.0000000000E+00  2.18213E-02  5.08463E-01
 -1.8849540710E+00  2.0000000000E-01  2.85393E-03  8.07776E-01
 -1.8849540710E+00  4.0000000000E-01  1.46252E-03  7.59167E-01
 -1.8849540710E+00  6.0000000000E-01  8.82454E-04  9.29012E-01
 -1.8849540710E+00  8.0000000000E-01  5.79950E-04  1.05539E+00
 -1.8849540710E+00  1.0000000000E+00  4.06940E-04  1.07084E+00
 -1.8849540710E+00  1.2000000000E+00  2.97265E-04  1.42910E+00
 -1.8849540710E+00  1.4000000000E+00  2.22687E-04  1.46715E+00
 -1.8849540710E+00  1.6000000000E+00  1.72167E-04  1.27212E+00
 -1.8849540710E+00  1.8000000000E+00  1.36450E-04  1.37974E+00
 -1.8849540710E+00  2.0000000000E+00  1.10113E-04  1.51827E+00
 -1.8849540710E+00  2.2000000000E+00  8.91216E-05  1.67404E+00
 -1.8849540710E+00  2.4000000000E+00  7.41537E-05  1.42600E+00
 -1.8849540710E+00  2.6000000000E+00  6.19322E-05  1.67476E+00
 -1.8849540710E+00  2.8000000000E+00  5.12948E-05  1.40829E+00
 -1.8849540710E+00  3.0000000000E+00  4.40550E-05  1.52008E+00
 -1.8849540710E+00  3.2000000000E+00  3.80708E-05  1.74369E+00
 -1.8849540710E+00  3.4000000000E+00  3.25243E-05  1.83939E+00
 -1.8849540710E+00  3.6000000000E+00  2.80846E-05  2.09094E+00
 -1.8849540710E+00  3.8000000000E+00  2.38977E-05  2.16998E+00
 -1.8849540710E+00  4.0000000000E+00  2.06718E-05  2.69082E+00
 -1.8849540710E+00  4.2000000000E+00  1.88946E-05  2.72372E+00
 -1.8849540710E+00  4.4000000000E+00  1.61680E-05  3.00111E+00
 -1.8849540710E+00  4.6000000000E+00  1.42327E-05  3.54081E+00
 -1.8849540710E+00  4.8000000000E+00  1.26299E-05  3.55434E+00
 -1.8849540710E+00  5.0000000000E+00  1.12025E-05  3.64751E+00
 -1.8849540710E+00  5.2000000000E+00  1.00345E-05  3.71180E+00
 -1.8849540710E+00  5.4000000000E+00  9.15258E-06  3.92250E+00
 -1.8849540710E+00  5.6000000000E+00  8.23626E-06  4.36800E+00
 -1.8849540710E+00  5.8000000000E+00  7.52002E-06  4.93364E+00
 -1.8849540710E+00  6.0000000000E+00  6.79647E-06  4.53919E+00
 -1.8849540710E+00  6.2000000000E+00  6.10158E-06  4.27576E+00
 -1.8849540710E+00  6.4000000000E+00  5.62274E-06  3.80161E+00
 -1.8849540710E+00  6.6000000000E+00  5.01091E-06  3.87433E+00
 -1.8849540710E+00  6.8000000000E+00  4.57435E-06  4.32276E+00
 -1.8849540710E+00  7.0000000000E+00  4.06011E-06  4.13869E+00
 -1.8849540710E+00  7.2000000000E+00  3.65613E-06  3.33167E+00
 -1.8849540710E+00  7.4000000000E+00  3.36374E-06  4.06817E+00
 -1.8849540710E+00  7.6000000000E+00  3.10842E-06  4.15381E+00
 -1.8849540710E+00  7.8000000000E+00  2.83038E-06  4.56246E+00
 -1.8849540710E+00  8.0000000000E+00  2.58360E-06  4.78307E+00
 -1.8849540710E+00  8.2000000000E+00  2.40781E-06  4.52909E+00
 -1.8849540710E+00  8.4000000000E+00  2.23058E-06  4.22768E+00
 -1.8849540710E+00  8.6000000000E+00  1.99520E-06  4.86942E+00
 -1.8849540710E+00  8.8000000000E+00  1.76868E-06  6.18094E+00
 -1.8849540710E+00  9.0000000000E+00  1.60852E-06  6.47001E+00
 -1.8849540710E+00  9.2000000000E+00  1.36545E-06  5.96671E+00
 -1.8849540710E+00  9.4000000000E+00  1.22962E-06  5.61264E+00
 -1.8849540710E+00  9.6000000000E+00  1.12342E-06  6.72244E+00
 -1.8849540710E+00  9.8000000000E+00  1.06383E-06  6.91395E+00
 -1.8849540710E+00  1.0000000000E+01  1.06383E-06  6.91395E+00

 -1.6755147298E+00  0.0000000000E+00  2.18213E-02  5.08463E-01
 -1.6755147298E+00  2.0000000000E-01  2.85393E-03  8.07776E-01
 -1.6755147298E+00  4.0000000000E-01  1.46252E-03  7.59167E-01
 -1.6755147298E+00  6.0000000000E-01  8.82454E-04  9.29012E-01
 -1.6755147298E+00  8.0000000000E-01  5.79950E-04  1.05539E+00
 -1.6755147298E+00  1.0000000000E+00  4.06940E-04  1.07084E+00
 -1.6755147298E+00  1.2000000000E+00  2.97265E-04  1.42910E+00
 -1.6755147298E+00  1.4000000000E+00  2.22687E-04  1.46715E+00
 -1.6755147298E+00  1.6000000000E+00  1.72167E-04  1.27212E+00
 -1.6755147298E+00  1.8000000000E+00  1.36450E-04  1.37974E+00
 -1.6755147298E+00  2.0000000000E+00  1.10113E-04  1.51827E+00
 -1.6755147298E+00  2.2000000000E+00  8.91216E-05  1.67404E+00
 -1.6755147298E+00  2.4000000000E+00  7.41537E-05  1.42600E+00
 -1.6755147298E+00  2.6000000000E+00  6.19322E-05  1.67476E+00
 -1.6755147298E+00  2.8000000000E+00  5.12948E-05  1.40829E+00
 -1.6755147298E+00  3.0000000000E+00  4.40550E-05  1.52008E+00
 -1.6755147298E+00  3.2000000000E+00  3.80708E-05  1.74369E+00
 -1.6755147298E+00  3.4000000000E+00  3.25243E-05  1.83939E+00
 -1.6755147298E+00  3.6000000000E+00  2.80846E-05  2.09094E+00
 -1.6755147298E+00  3.8000000000E+00  2.38977E-05  2.16998E+00
 -1.6755147298E+00  4.0000000000E+00  2.06718E-05  2.69082E+00
 -1.6755147298E+00  4.2000000000E+00  1.88946E-05  2.72372E+00
 -1.6755147298E+00  4.4000000000E+00  1.61680E-05  3.00111E+00
 -1.6755147298E+00  4.6000000000E+00  1.42327E-05  3.54081E+00
 -1.6755147298E+00  4.8000000000E+00  1.26299E-05  3.55434E+00
 -1.6755147298E+00  5.0000000000E+00  1.12025E-05  3.64751E+00
 -1.6755147298E+00  5.2000000000E+00  1.00345E-05  3.71180E+00
 -1.6755147298E+00  5.4000000000E+00  9.15258E-06  3.92250E+00
 -1.6755147298E+00  5.6000000000E+00  8.23626E-06  4.36800E+00
 -1.6755147298E+00  5.8000000000E+00  7.52002E-06  4.93364E+00
 -1.6755147298E+00  6.0000000000E+00  6.79647E-06  4.53919E+00
 -1.6755147298E+00  6.2000000000E+00  6.10158E-06  4.27576E+00
 -1.6755147298E+00  6.4000000000E+00  5.62274E-06  3.80161E+00
 -1.6755147298E+00  6.6000000000E+00  5.01091E-06  3.87433E+00
 -1.6755147298E+00  6.8000000000E+00  4.57435E-06  4.32276E+00
 -1.6755147298E+00  7.0000000000E+00  4.06011E-06  4.13869E+00
 -1.6755147298E+00  7.2000000000E+00  3.65613E-06  3.33167E+00
 -1.6755147298E+00  7.4000000000E+00  3.36374E-06  4.06817E+00
 -1.6755147298E+00  7.6000000000E+00  3.10842E-06  4.15381E+00
 -1.6755147298E+00  7.8000000000E+00  2.83038E-06  4.56246E+00
 -1.6755147298E+00  8.0000000000E+00  2.58360E-06  4.78307E+00
 -1.6755147298E+00  8.2000000000E+00  2.40781E-06  4.52909E+00
 -1.6755147298E+00  8.4000000000E+00  2.23058E-06  4.22768E+00
 -1.6755147298E+00  8.6000000000E+00  1.99520E-06  4.86942E+00
 -1.6755147298E+00  8.8000000000E+00  1.76868E-06  6.18094E+00
 -1.6755147298E+00  9.0000000000E+00  1.60852E-06  6.47001E+00
 -1.6755147298E+00  9.2000000000E+00  1.36545E-06  5.96671E+00
 -1.6755147298E+00  9.4000000000E+00  1.22962E-06  5.61264E+00
 -1.6755147298E+00  9.6000000000E+00  1.12342E-06  6.72244E+00
 -1.6755147298E+00  9.8000000000E+00  1.06383E-06  6.91395E+00
 -1.6755147298E+00  1.0000000000E+01  1.06383E-06  6.91395E+00

 -1.4660753886E+00  0.0000000000E+00  2.18213E-02  5.08463E-01
 -1.4660753886E+00  2.0000000000E-01  2.85393E-03  8.07776E-01
 -1.4660753886E+00  4.0000000000E-01  1.46252E-03  7.59167E-01
 -1.4660753886E+00  6.0000000000E-01  8.82454E-04  9.29012E-01
 -1.4660753886E+00  8.0000000000E-01  5.79950E-04  1.05539E+00
 -1.4660753886E+00  1.0000000000E+00  4.06940E-04  1.07084E+00
 -1.4660753886E+00  1.2000000000E+00  2.97265E-04  1.42910E+00
 -1.4660753886E+00  1.4000000000E+00  2.22687E-04  1.46715E+00
 -1.4660753886E+00  1.6000000000E+00  1.72167E-04  1.27212E+00
 -1.4660753886E+00  1.8000000000E+00  1.36450E-04  1.37974E+00
 -1.4660753886E+00  2.0000000000E+00  1.10113E-04  1.51827E+00
 -1.4660753886E+00  2.2000000000E+00  8.91216E-05  1.67404E+00
 -1.4660753886E+00  2.4000000000E+00  7.41537E-05  1.42600E+00
 -1.4660753886E+00  2.6000000000E+00  6.19322E-05  1.67476E+00
 -1.4660753886E+00  2.8000000000E+00  5.12948E-05  1.40829E+00
 -1.4660753886E+00  3.0000000000E+00  4.40550E-05  1.52008E+00
 -1.4660753886E+00  3.2000000000E+00  3.80708E-05  1.74369E+00
 -1.4660753886E+00  3.4000000000E+00  3.25243E-05  1.83939E+00
 -1.4660753886E+00  3.6000000000E+00  2.80846E-05  2.09094E+00
 -1.4660753886E+00  3.8000000000E+00  2.38977E-05  2.16998E+00
 -1.4660753886E+00  4.0000000000E+00  2.06718E-05  2.69082E+00
 -1.4660753886E+00  4.2000000000E+00  1.88946E-05  2.72372E+00
 -1.4660753886E+00  4.4000000000E+00  1.61680E-05  3.00111E+00
 -1.4660753886E+00  4.6000000000E+00  1.42327E-05  3.54081E+00
 -1.4660753886E+00  4.8000000000E+00  1.26299E-05  3.55434E+00
 -1.4660753886E+00  5.0000000000E+00  1.12025E-05  3.64751E+00
 -1.4660753886E+00  5.2000000000E+00  1.00345E-05  3.71180E+00
 -1.4660753886E+00  5.4000000000E+00  9.15258E-06  3.92250E+00
 -1.4660753886E+00  5.6000000000E+00  8.23626E-06  4.36800E+00
 -1.4660753886E+00  5.8000000000E+00  7.52002E-06  4.93364E+00
 -1.4660753886E+00  6.0000000000E+00  6.79647E-06  4.53919E+00
 -1.4660753886E+00  6.2000000000E+00  6.10158E-06  4.27576E+00
 -1.4660753886E+00  6.4000000000E+00  5.62274E-06  3.80161E+00
 -1.4660753886E+00  6.6000000000E+00  5.01091E-06  3.87433E+00
 -1.4660753886E+00  6.8000000000E+00  4.57435E-06  4.32276E+00
 -1.4660753886E+00  7.0000000000E+00  4.06011E-06  4.13869E+00
 -1.4660753886E+00  7.2000000000E+00  3.65613E-06  3.33167E+00
 -1.4660753886E+00  7.4000000000E+00  3.36374E-06  4.06817E+00
 -1.4660753886E+00  7.6000000000E+00  3.10842E-06  4.15381E+00
 -1.4660753886E+00  7.8000000000E+00  2.83038E-06  4.56246E+00
 -1.4660753886E+00  8.0000000000E+00  2.58360E-06  4.78307E+00
 -1.4660753886E+00  8.2000000000E+00  2.40781E-06  4.52909E+00
 -1.4660753886E+00  8.4000000000E+00  2.23058E-06  4.22768E+00
 -1.4660753886E+00  8.6000000000E+00  1.99520E-06  4.86942E+00
 -1.4660753886E+00  8.8000000000E+00  1.76868E-06  6.18094E+00
 -1.4660753886E+00  9.0000000000E+00  1.60852E-06  6.47001E+00
 -1.4660753886E+00  9.2000000000E+00  1.36545E-06  5.96671E+00
 -1.4660753886E+00  9.4000000000E+00  1.22962E-06  5.61264E+00
 -1.4660753886E+00  9.6000000000E+00  1.12342E-06  6.72244E+00
 -1.4660753886E+00  9.8000000000E+00  1.06383E-06  6.91395E+00
 -1.4660753886E+00  1.0000000000E+01  1.06383E-06  6.91395E+00

 -1.2566360474E+00  0.0000000000E+00  2.18329E-02  5.01576E-01
 -1.2566360474E+00  2.0000000000E-01  2.85339E-03  8.81584E-01
 -1.2566360474E+00  4.0000000000E-01  1.45291E-03  9.23997E-01
 -1.2566360474E+00  6.0000000000E-01  8.85089E-04  8.62717E-01
 -1.2566360474E+00  8.0000000000E-01  5.84838E-04  8.11667E-01
 -1.2566360474E+00  1.0000000000E+00  4.06727E-04  1.00377E+00
 -1.2566360474E+00  1.2000000000E+00  2.95165E-04  9.83991E-01
 -1.2566360474E+00  1.4000000000E+00  2.23843E-04  9.69965E-01
 -1.2566360474E+00  1.6000000000E+00  1.72596E-04  9.37058E-01
 -1.2566360474E+00  1.8000000000E+00  1.36605E-04  1.14071E+00
 -1.2566360474E+00  2.0000000000E+00  1.10384E-04  1.64116E+00
 -1.2566360474E+00  2.2000000000E+00  8.97362E-05  1.68266E+00
 -1.2566360474E+00  2.4000000000E+00  7.33673E-05  1.67991E+00
 -1.2566360474E+00  2.6000000000E+00  6.11817E-05  1.79355E+00
 -1.2566360474E+00  2.8000000000E+00  5.16639E-05  1.74508E+00
 -1.2566360474E+00  3.0000000000E+00  4.34689E-05  2.08910E+00
 -1.2566360474E+00  3.2000000000E+00  3.76531E-05  2.41378E+00
 -1.2566360474E+00  3.4000000000E+00  3.24889E-05  2.32514E+00
 -1.2566360474E+00  3.6000000000E+00  2.80119E-05  2.40810E+00
 -1.2566360474E+00  3.8000000000E+00  2.42550E-05  2.39938E+00
 -1.2566360474E+00  4.0000000000E+00  2.08311E-05  2.60415E+00
 -1.2566360474E+00  4.2000000000E+00  1.83525E-05  2.66713E+00
 -1.2566360474E+00  4.4000000000E+00  1.59326E-05  3.05023E+00
 -1.2566360474E+00  4.6000000000E+00  1.39378E-05  3.52303E+00
 -1.2566360474E+00  4.8000000000E+00  1.22880E-05  3.60848E+00
 -1.2566360474E+00  5.0000000000E+00  1.07718E-05  3.21986E+00
 -1.2566360474E+00  5.2000000000E+00  9.65801E-06  3.14882E+00
 -1.2566360474E+00  5.4000000000E+00  8.58438E-06  3.82293E+00
 -1.2566360474E+00  5.6000000000E+00  7.71854E-06  3.33061E+00
 -1.2566360474E+00  5.8000000000E+00  7.04974E-06  3.71719E+00
 -1.2566360474E+00  6.0000000000E+00  6.13196E-06  4.07409E+00
 -1.2566360474E+00  6.2000000000E+00  5.51967E-06  4.08657E+00
 -1.2566360474E+00  6.4000000000E+00  5.01602E-06  4.15099E+00
 -1.2566360474E+00  6.6000000000E+00  4.41136E-06  5.65366E+00
 -1.2566360474E+00  6.8000000000E+00  3.82809E-06  5.19026E+00
 -1.2566360474E+00  7.0000000000E+00  3.50734E-06  4.50862E+00
 -1.2566360474E+00  7.2000000000E+00  3.10761E-06  5.65409E+00
 -1.2566360474E+00  7.4000000000E+00  2.80813E-06  5.43068E+00
 -1.2566360474E+00  7.6000000000E+00  2.57193E-06  5.61359E+00
 -1.2566360474E+00  7.8000000000E+00  2.31765E-06  6.49341E+00
 -1.2566360474E+00  8.0000000000E+00  2.09369E-06  6.29033E+00
 -1.2566360474E+00  8.2000000000E+00  1.94497E-06  5.76672E+00
 -1.2566360474E+00  8.4000000000E+00  1.80491E-06  6.25453E+00
 -1.2566360474E+00  8.6000000000E+00  1.75614E-06  5.60733E+00
 -1.2566360474E+00  8.8000000000E+00  1.57253E-06  7.35363E+00
 -1.2566360474E+00  9.0000000000E+00  1.47587E-06  8.34699E+00
 -1.2566360474E+00  9.2000000000E+00  1.43082E-06  7.39274E+00
 -1.2566360474E+00  9.4000000000E+00  1.31695E-06  7.63548E+00
 -1.2566360474E+00  9.6000000000E+00  1.15902E-06  8.22328E+00
 -1.2566360474E+00  9.8000000000E+00  1.07068E-06  8.12008E+00
 -1.2566360474E+00  1.0000000000E+01  1.07068E-06  8.12008E+00

 -1.0471967061E+00  0.0000000000E+00  2.18329E-02  5.01576E-01
 -1.0471967061E+00  2.0000000000E-01  2.85339E-03  8.81584E-01
 -1.0471967061E+00  4.0000000000E-01  1.45291E-03  9.23997E-01
 -1.0471967061E+00  6.0000000000E-01  8.85089E-04  8.62717E-01
 -1.0471967061E+00  8.0000000000E-01  5.84838E-04  8.11667E-01
 -1.0471967061E+00  1.0000000000E+00  4.06727E-04  1.00377E+00
 -1.0471967061E+00  1.2000000000E+00  2.95165E-04  9.83991E-01
 -1.0471967061E+00  1.4000000000E+00  2.23843E-04  9.69965E-01
 -1.0471967061E+00  1.6000000000E+00  1.72596E-04  9.37058E-01
 -1.0471967061E+00  1.8000000000E+00  1.36605E-04  1.14071E+00
 -1.0471967061E+00  2.0000000000E+00  1.10384E-04  1.64116E+00
 -1.0471967061E+00  2.2000000000E+00  8.97362E-05  1.68266E+00
 -1.0471967061E+00  2.4000000000E+00  7.33673E-05  1.67991E+00
 -1.0471967061E+00  2.6000000000E+00  6.11817E-05  1.79355E+00
 -1.0471967061E+00  2.8000000000E+00  5.16639E-05  1.74508E+00
 -1.0471967061E+00  3.0000000000E+00  4.34689E-05  2.08910E+00
 -1.0471967061E+00  3.2000000000E+00  3.76531E-05  2.41378E+00
 -1.0471967061E+00  3.4000000000E+00  3.24889E-05  2.32514E+00
 -1.0471967061E+00  3.6000000000E+00  2.80119E-05  2.40810E+00
 -1.0471967061E+00  3.8000000000E+00  2.42550E-05  2.39938E+00
 -1.0471967061E+00  4.0000000000E+00  2.08311E-05  2.60415E+00
 -1.0471967061E+00  4.2000000000E+00  1.83525E-05  2.66713E+00
 -1.0471967061E+00  4.4000000000E+00  1.59326E-05  3.05023E+00
 -1.0471967061E+00  4.6000000000E+00  1.39378E-05  3.52303E+00
 -1.0471967061E+00  4.8000000000E+00  1.22880E-05  3.60848E+00
 -1.0471967061E+00  5.0000000000E+00  1.07718E-05  3.21986E+00
 -1.0471967061E+00  5.2000000000E+00  9.65801E-06  3.14882E+00
 -1.0471967061E+00  5.4000000000E+00  8.58438E-06  3.82293E+00
 -1.0471967061E+00  5.6000000000E+00  7.71854E-06  3.33061E+00
 -1.0471967061E+00  5.8000000000E+00  7.04974E-06  3.71719E+00
 -1.0471967061E+00  6.0000000000E+00  6.13196E-06  4.07409E+00
 -1.0471967061E+00  6.2000000000E+00  5.51967E-06  4.08657E+00
 -1.0471967061E+00  6.4000000000E+00  5.01602E-06  4.15099E+00
 -1.0471967061E+00  6.6000000000E+00  4.41136E-06  5.65366E+00
 -1.0471967061E+00  6.8000000000E+00  3.82809E-06  5.19026E+00
 -1.0471967061E+00  7.0000000000E+00  3.50734E-06  4.50862E+00
 -1.0471967061E+00  7.2000000000E+00  3.10761E-06  5.65409E+00
 -1.0471967061E+00  7.4000000000E+00  2.80813E-06  5.43068E+00
 -1.0471967061E+00  7.6000000000E+00  2.57193E-06  5.61359E+00
 -1.0471967061E+00  7.8000000000E+00  2.31765E-06  6.49341E+00
 -1.0471967061E+00  8.0000000000E+00  2.09369E-06  6.29033E+00
 -1.0471967061E+00  8.2000000000E+00  1.94497E-06  5.76672E+00
 -1.0471967061E+00  8.4000000000E+00  1.80491E-06  6.25453E+00
 -1.0471967061E+00  8.6000000000E+00  1.75614E-06  5.60733E+00
 -1.0471967061E+00  8.8000000000E+00  1.57253E-06  7.35363E+00
 -1.0471967061E+00  9.0000000000E+00  1.47587E-06  8.34699E+00
 -1.0471967061E+00  9.2000000000E+00  1.43082E-06  7.39274E+00
 -1.0471967061E+00  9.4000000000E+00  1.31695E-06  7.63548E+00
 -1.0471967061E+00  9.6000000000E+00  1.15902E-06  8.22328E+00
 -1.0471967061E+00  9.8000000000E+00  1.07068E-06  8.12008E+00
 -1.0471967061E+00  1.0000000000E+01  1.07068E-06  8.12008E+00

 -8.3775736491E-01  0.0000000000E+00  2.18329E-02  5.01576E-01
 -8.3775736491E-01  2.0000000000E-01  2.85339E-03  8.81584E-01
 -8.3775736491E-01  4.0000000000E-01  1.45291E-03  9.23997E-01
 -8.3775736491E-01  6.0000000000E-01  8.85089E-04  8.62717E-01
 -8.3775736491E-01  8.0000000000E-01  5.84838E-04  8.11667E-01
 -8.3775736491E-01  1.0000000000E+00  4.06727E-04  1.00377E+00
 -8.3775736491E-01  1.2000000000E+00  2.95165E-04  9.83991E-01
 -8.3775736491E-01  1.4000000000E+00  2.23843E-04  9.69965E-01
 -8.3775736491E-01  1.6000000000E+00  1.72596E-04  9.37058E-01
 -8.3775736491E-01  1.8000000000E+00  1.36605E-04  1.14071E+00
 -8.3775736491E-01  2.0000000000E+00  1.10384E-04  1.64116E+00
 -8.3775736491E-01  2.2000000000E+00  8.97362E-05  1.68266E+00
 -8.3775736491E-01  2.4000000000E+00  7.33673E-05  1.67991E+00
 -8.3775736491E-01  2.6000000000E+00  6.11817E-05  1.79355E+00
 -8.3775736491E-01  2.8000000000E+00  5.16639E-05  1.74508E+00
 -8.3775736491E-01  3.0000000000E+00  4.34689E-05  2.08910E+00
 -8.3775736491E-01  3.2000000000E+00  3.76531E-05  2.41378E+00
 -8.3775736491E-01  3.4000000000E+00  3.24889E-05  2.32514E+00
 -8.3775736491E-01  3.6000000000E+00  2.80119E-05  2.40810E+00
 -8.3775736491E-01  3.8000000000E+00  2.42550E-05  2.39938E+00
 -8.3775736491E-01  4.0000000000E+00  2.08311E-05  2.60415E+00
 -8.3775736491E-01  4.2000000000E+00  1.83525E-05  2.66713E+00
 -8.3775736491E-01  4.4000000000E+00  1.59326E-05  3.05023E+00
 -8.3775736491E-01  4.6000000000E+00  1.39378E-05  3.52303E+00
 -8.3775736491E-01  4.8000000000E+00  1.22880E-05  3.60848E+00
 -8.3775736491E-01  5.0000000000E+00  1.07718E-05  3.21986E+00
 -8.3775736491E-01  5.2000000000E+00  9.65801E-06  3.14882E+00
 -8.3775736491E-01  5.4000000000E+00  8.58438E-06  3.82293E+00
 -8.3775736491E-01  5.6000000000E+00  7.71854E-06  3.33061E+00
 -8.3775736491E-01  5.8000000000E+00  7.04974E-06  3.71719E+00
 -8.3775736491E-01  6.0000000000E+00  6.13196E-06  4.07409E+00
 -8.3775736491E-01  6.2000000000E+00  5.51967E-06  4.08657E+00
 -8.3775736491E-01  6.4000000000E+00  5.01602E-06  4.15099E+00
 -8.3775736491E-01  6.6000000000E+00  4.41136E-06  5.65366E+00
 -8.3775736491E-01  6.8000000000E+00  3.82809E-06  5.19026E+00
 -8.3775736491E-01  7.0000000000E+00  3.50734E-06  4.50862E+00
 -8.3775736491E-01  7.2000000000E+00  3.10761E-06  5.65409E+00
 -8.3775736491E-01  7.4000000000E+00  2.80813E-06  5.43068E+00
 -8.3775736491E-01  7.6000000000E+00  2.57193E-06  5.61359E+00
 -8.3775736491E-01  7.8000000000E+00  2.31765E-06  6.49341E+00
 -8.3775736491E-01  8.0000000000E+00  2.09369E-06  6.29033E+00
 -8.3775736491E-01  8.2000000000E+00  1.94497E-06  5.76672E+00
 -8.3775736491E-01  8.4000000000E+00  1.80491E-06  6.25453E+00
 -8.3775736491E-01  8.6000000000E+00  1.75614E-06  5.60733E+00
 -8.3775736491E-01  8.8000000000E+00  1.57253E-06  7.35363E+00
 -8.3775736491E-01  9.0000000000E+00  1.47587E-06  8.34699E+00
 -8.3775736491E-01  9.2000000000E+00  1.43082E-06  7.39274E+00
 -8.3775736491E-01  9.4000000000E+00  1.31695E-06  7.63548E+00
 -8.3775736491E-01  9.6000000000E+00  1.15902E-06  8.22328E+00
 -8.3775736491E-01  9.8000000000E+00  1.07068E-06  8.12008E+00
 -8.3775736491E-01  1.0000000000E+01  1.07068E-06  8.12008E+00

 -6.2831802368E-01  0.0000000000E+00  2.19367E-02  2.56049E-01
 -6.2831802368E-01  2.0000000000E-01  2.83940E-03  7.61985E-01
 -6.2831802368E-01  4.0000000000E-01  1.43243E-03  1.08840E+00
 -6.2831802368E-01  6.0000000000E-01  8.63258E-04  1.06983E+00
 -6.2831802368E-01  8.0000000000E-01  5.69139E-04  8.28841E-01
 -6.2831802368E-01  1.0000000000E+00  3.99699E-04  1.05122E+00
 -6.2831802368E-01  1.2000000000E+00  2.90816E-04  1.43291E+00
 -6.2831802368E-01  1.4000000000E+00  2.20001E-04  1.20219E+00
 -6.2831802368E-01  1.6000000000E+00  1.69715E-04  1.26993E+00
 -6.2831802368E-01  1.8000000000E+00  1.34476E-04  1.37404E+00
 -6.2831802368E-01  2.0000000000E+00  1.07434E-04  1.52068E+00
 -6.2831802368E-01  2.2000000000E+00  8.70890E-05  1.48445E+00
 -6.2831802368E-01  2.4000000000E+00  7.05345E-05  1.41726E+00
 -6.2831802368E-01  2.6000000000E+00  5.82116E-05  1.91914E+00
 -6.2831802368E-01  2.8000000000E+00  4.89077E-05  2.21341E+00
 -6.2831802368E-01  3.0000000000E+00  4.13809E-05  1.93451E+00
 -6.2831802368E-01  3.2000000000E+00  3.53717E-05  2.10576E+00
 -6.2831802368E-01  3.4000000000E+00  3.03013E-05  2.15329E+00
 -6.2831802368E-01  3.6000000000E+00  2.60569E-05  1.82593E+00
 -6.2831802368E-01  3.8000000000E+00  2.23682E-05  2.20665E+00
 -6.2831802368E-01  4.0000000000E+00  1.96331E-05  2.73616E+00
 -6.2831802368E-01  4.2000000000E+00  1.73439E-05  2.73307E+00
 -6.2831802368E-01  4.4000000000E+00  1.52761E-05  2.52153E+00
 -6.2831802368E-01  4.6000000000E+00  1.35841E-05  2.36366E+00
 -6.2831802368E-01  4.8000000000E+00  1.20270E-05  2.79827E+00
 -6.2831802368E-01  5.0000000000E+00  1.06282E-05  3.46320E+00
 -6.2831802368E-01  5.2000000000E+00  9.31167E-06  3.25568E+00
 -6.2831802368E-01  5.4000000000E+00  8.34789E-06  3.38179E+00
 -6.2831802368E-01  5.6000000000E+00  7.61249E-06  3.14726E+00
 -6.2831802368E-01  5.8000000000E+00  6.73911E-06  3.77303E+00
 -6.2831802368E-01  6.0000000000E+00  6.05572E-06  4.08792E+00
 -6.2831802368E-01  6.2000000000E+00  5.63918E-06  4.28434E+00
 -6.2831802368E-01  6.4000000000E+00  5.11325E-06  4.80921E+00
 -6.2831802368E-01  6.6000000000E+00  4.56812E-06  4.83484E+00
 -6.2831802368E-01  6.8000000000E+00  4.05345E-06  5.65972E+00
 -6.2831802368E-01  7.0000000000E+00  3.57993E-06  6.59828E+00
 -6.2831802368E-01  7.2000000000E+00  3.20015E-06  5.79069E+00
 -6.2831802368E-01  7.4000000000E+00  2.90766E-06  6.04355E+00
 -6.2831802368E-01  7.6000000000E+00  2.58313E-06  6.44310E+00
 -6.2831802368E-01  7.8000000000E+00  2.42606E-06  6.27412E+00
 -6.2831802368E-01  8.0000000000E+00  2.12566E-06  5.31604E+00
 -6.2831802368E-01  8.2000000000E+00  1.94157E-06  5.49842E+00
 -6.2831802368E-01  8.4000000000E+00  1.76329E-06  5.93821E+00
 -6.2831802368E-01  8.6000000000E+00  1.56213E-06  6.24965E+00
 -6.2831802368E-01  8.8000000000E+00  1.45655E-06  6.63591E+00
 -6.2831802368E-01  9.0000000000E+00  1.36579E-06  7.35627E+00
 -6.2831802368E-01  9.2000000000E+00  1.25244E-06  7.46459E+00
 -6.2831802368E-01  9.4000000000E+00  1.17216E-06  7.12613E+00
 -6.2831802368E-01  9.6000000000E+00  1.08053E-06  7.28851E+00
 -6.2831802368E-01  9.8000000000E+00  1.00619E-06  7.29509E+00
 -6.2831802368E-01  1.0000000000E+01  1.00619E-06  7.29509E+00

 -4.1887868245E-01  0.0000000000E+00  2.19367E-02  2.56049E-01
 -4.1887868245E-01  2.0000000000E-01  2.83940E-03  7.61985E-01
 -4.1887868245E-01  4.0000000000E-01  1.43243E-03  1.08840E+00
 -4.1887868245E-01  6.0000000000E-01  8.63258E-04  1.06983E+00
 -4.1887868245E-01  8.0000000000E-01  5.69139E-04  8.28841E-01
 -4.1887868245E-01  1.0000000000E+00  3.99699E-04  1.05122E+00
 -4.1887868245E-01  1.2000000000E+00  2.90816E-04  1.43291E+00
 -4.1887868245E-01  1.4000000000E+00  2.20001E-04  1.20219E+00
 -4.1887868245E-01  1.6000000000E+00  1.69715E-04  1.26993E+00
 -4.1887868245E-01  1.8000000000E+00  1.34476E-04  1.37404E+00
 -4.1887868245E-01  2.0000000000E+00  1.07434E-04  1.52068E+00
 -4.1887868245E-01  2.2000000000E+00  8.70890E-05  1.48445E+00
 -4.1887868245E-01  2.4000000000E+00  7.05345E-05  1.41726E+00
 -4.1887868245E-01  2.6000000000E+00  5.82116E-05  1.91914E+00
 -4.1887868245E-01  2.8000000000E+00  4.89077E-05  2.21341E+00
 -4.1887868245E-01  3.0000000000E+00  4.13809E-05  1.93451E+00
 -4.1887868245E-01  3.2000000000E+00  3.53717E-05  2.10576E+00
 -4.1887868245E-01  3.4000000000E+00  3.03013E-05  2.15329E+00
 -4.1887868245E-01  3.6000000000E+00  2.60569E-05  1.82593E+00
 -4.1887868245E-01  3.8000000000E+00  2.23682E-05  2.20665E+00
 -4.1887868245E-01  4.0000000000E+00  1.96331E-05  2.73616E+00
 -4.1887868245E-01  4.2000000000E+00  1.73439E-05  2.73307E+00
 -4.1887868245E-01  4.4000000000E+00  1.52761E-05  2.52153E+00
 -4.1887868245E-01  4.6000000000E+00  1.35841E-05  2.36366E+00
 -4.1887868245E-01  4.8000000000E+00  1.20270E-05  2.79827E+00
 -4.1887868245E-01  5.0000000000E+00  1.06282E-05  3.46320E+00
 -4.1887868245E-01  5.2000000000E+00  9.31167E-06  3.25568E+00
 -4.1887868245E-01  5.4000000000E+00  8.34789E-06  3.38179E+00
 -4.1887868245E-01  5.6000000000E+00  7.61249E-06  3.14726E+00
 -4.1887868245E-01  5.8000000000E+00  6.73911E-06  3.77303E+00
 -4.1887868245E-01  6.0000000000E+00  6.05572E-06  4.08792E+00
 -4.1887868245E-01  6.2000000000E+00  5.63918E-06  4.28434E+00
 -4.1887868245E-01  6.4000000000E+00  5.11325E-06  4.80921E+00
 -4.1887868245E-01  6.6000000000E+00  4.56812E-06  4.83484E+00
 -4.1887868245E-01  6.8000000000E+00  4.05345E-06  5.65972E+00
 -4.1887868245E-01  7.0000000000E+00  3.57993E-06  6.59828E+00
 -4.1887868245E-01  7.2000000000E+00  3.20015E-06  5.79069E+00
 -4.1887868245E-01  7.4000000000E+00  2.90766E-06  6.04355E+00
 -4.1887868245E-01  7.6000000000E+00  2.58313E-06  6.44310E+00
 -4.1887868245E-01  7.8000000000E+00  2.42606E-06  6.27412E+00
 -4.1887868245E-01  8.0000000000E+00  2.12566E-06  5.31604E+00
 -4.1887868245E-01  8.2000000000E+00  1.94157E-06  5.49842E+00
 -4.1887868245E-01  8.4000000000E+00  1.76329E-06  5.93821E+00
 -4.1887868245E-01  8.6000000000E+00  1.56213E-06  6.24965E+00
 -4.1887868245E-01  8.8000000000E+00  1.45655E-06  6.63591E+00
 -4.1887868245E-01  9.0000000000E+00  1.36579E-06  7.35627E+00
 -4.1887868245E-01  9.2000000000E+00  1.25244E-06  7.46459E+00
 -4.1887868245E-01  9.4000000000E+00  1.17216E-06  7.12613E+00
 -4.1887868245E-01  9.6000000000E+00  1.08053E-06  7.28851E+00
 -4.1887868245E-01  9.8000000000E+00  1.00619E-06  7.29509E+00
 -4.1887868245E-01  1.0000000000E+01  1.00619E-06  7.29509E+00

 -2.0943934123E-01  0.0000000000E+00  2.19367E-02  2.56049E-01
 -2.0943934123E-01  2.0000000000E-01  2.83940E-03  7.61985E-01
 -2.0943934123E-01  4.0000000000E-01  1.43243E-03  1.08840E+00
 -2.0943934123E-01  6.0000000000E-01  8.63258E-04  1.06983E+00
 -2.0943934123E-01  8.0000000000E-01  5.69139E-04  8.28841E-01
 -2.0943934123E-01  1.0000000000E+00  3.99699E-04  1.05122E+00
 -2.0943934123E-01  1.2000000000E+00  2.90816E-04  1.43291E+00
 -2.0943934123E-01  1.4000000000E+00  2.20001E-04  1.20219E+00
 -2.0943934123E-01  1.6000000000E+00  1.69715E-04  1.26993E+00
 -2.0943934123E-01  1.8000000000E+00  1.34476E-04  1.37404E+00
 -2.0943934123E-01  2.0000000000E+00  1.07434E-04  1.52068E+00
 -2.0943934123E-01  2.2000000000E+00  8.70890E-05  1.48445E+00
 -2.0943934123E-01  2.4000000000E+00  7.05345E-05  1.41726E+00
 -2.0943934123E-01  2.6000000000E+00  5.82116E-05  1.91914E+00
 -2.0943934123E-01  2.8000000000E+00  4.89077E-05  2.21341E+00
 -2.0943934123E-01  3.0000000000E+00  4.13809E-05  1.93451E+00
 -2.0943934123E-01  3.2000000000E+00  3.53717E-05  2.10576E+00
 -2.0943934123E-01  3.4000000000E+00  3.03013E-05  2.15329E+00
 -2.0943934123E-01  3.6000000000E+00  2.60569E-05  1.82593E+00
 -2.0943934123E-01  3.8000000000E+00  2.23682E-05  2.20665E+00
 -2.0943934123E-01  4.0000000000E+00  1.96331E-05  2.73616E+00
 -2.0943934123E-01  4.2000000000E+00  1.73439E-05  2.73307E+00
 -2.0943934123E-01  4.4000000000E+00  1.52761E-05  2.52153E+00
 -2.0943934123E-01  4.6000000000E+00  1.35841E-05  2.36366E+00
 -2.0943934123E-01  4.8000000000E+00  1.20270E-05  2.79827E+00
 -2.0943934123E-01  5.0000000000E+00  1.06282E-05  3.46320E+00
 -2.0943934123E-01  5.2000000000E+00  9.31167E-06  3.25568E+00
 -2.0943934123E-01  5.4000000000E+00  8.34789E-06  3.38179E+00
 -2.0943934123E-01  5.6000000000E+00  7.61249E-06  3.14726E+00
 -2.0943934123E-01  5.8000000000E+00  6.73911E-06  3.77303E+00
 -2.0943934123E-01  6.0000000000E+00  6.05572E-06  4.08792E+00
 -2.0943934123E-01  6.2000000000E+00  5.63918E-06  4.28434E+00
 -2.0943934123E-01  6.4000000000E+00  5.11325E-06  4.80921E+00
 -2.0943934123E-01  6.6000000000E+00  4.56812E-06  4.83484E+00
 -2.0943934123E-01  6.8000000000E+00  4.05345E-06  5.65972E+00
 -2.0943934123E-01  7.0000000000E+00  3.57993E-06  6.59828E+00
 -2.0943934123E-01  7.2000000000E+00  3.20015E-06  5.79069E+00
 -2.0943934123E-01  7.4000000000E+00  2.90766E-06  6.04355E+00
 -2.0943934123E-01  7.6000000000E+00  2.58313E-06  6.44310E+00
 -2.0943934123E-01  7.8000000000E+00  2.42606E-06  6.27412E+00
 -2.0943934123E-01  8.0000000000E+00  2.12566E-06  5.31604E+00
 -2.0943934123E-01  8.2000000000E+00  1.94157E-06  5.49842E+00
 -2.0943934123E-01  8.4000000000E+00  1.76329E-06  5.93821E+00
 -2.0943934123E-01  8.6000000000E+00  1.56213E-06  6.24965E+00
 -2.0943934123E-01  8.8000000000E+00  1.45655E-06  6.63591E+00
 -2.0943934123E-01  9.0000000000E+00  1.36579E-06  7.35627E+00
 -2.0943934123E-01  9.2000000000E+00  1.25244E-06  7.46459E+00
 -2.0943934123E-01  9.4000000000E+00  1.17216E-06  7.12613E+00
 -2.0943934123E-01  9.6000000000E+00  1.08053E-06  7.28851E+00
 -2.0943934123E-01  9.8000000000E+00  1.00619E-06  7.29509E+00
 -2.0943934123E-01  1.0000000000E+01  1.00619E-06  7.29509E+00

  0.0000000000E+00  0.0000000000E+00  2.20210E-02  5.41419E-01
  0.0000000000E+00  2.0000000000E-01  2.84686E-03  1.09440E+00
  0.0000000000E+00  4.0000000000E-01  1.45158E-03  8.95423E-01
  0.0000000000E+00  6.0000000000E-01  8.74802E-04  9.76677E-01
  0.0000000000E+00  8.0000000000E-01  5.73587E-04  1.34626E+00
  0.0000000000E+00  1.0000000000E+00  3.98241E-04  1.34641E+00
  0.0000000000E+00  1.2000000000E+00  2.88970E-04  1.23527E+00
  0.0000000000E+00  1.4000000000E+00  2.17702E-04  1.63452E+00
  0.0000000000E+00  1.6000000000E+00  1.68661E-04  1.65470E+00
  0.0000000000E+00  1.8000000000E+00  1.32985E-04  1.50445E+00
  0.0000000000E+00  2.0000000000E+00  1.05665E-04  1.57926E+00
  0.0000000000E+00  2.2000000000E+00  8.58256E-05  1.40016E+00
  0.0000000000E+00  2.4000000000E+00  7.09297E-05  1.64580E+00
  0.0000000000E+00  2.6000000000E+00  5.86898E-05  1.61938E+00
  0.0000000000E+00  2.8000000000E+00  4.88254E-05  1.99914E+00
  0.0000000000E+00  3.0000000000E+00  4.18719E-05  2.40510E+00
  0.0000000000E+00  3.2000000000E+00  3.51627E-05  2.40595E+00
  0.0000000000E+00  3.4000000000E+00  3.03186E-05  2.40465E+00
  0.0000000000E+00  3.6000000000E+00  2.59328E-05  2.60411E+00
  0.0000000000E+00  3.8000000000E+00  2.28240E-05  2.78208E+00
  0.0000000000E+00  4.0000000000E+00  1.99404E-05  3.11153E+00
  0.0000000000E+00  4.2000000000E+00  1.75554E-05  3.04413E+00
  0.0000000000E+00  4.4000000000E+00  1.56105E-05  2.60260E+00
  0.0000000000E+00  4.6000000000E+00  1.37170E-05  2.88090E+00
  0.0000000000E+00  4.8000000000E+00  1.25118E-05  3.68601E+00
  0.0000000000E+00  5.0000000000E+00  1.08829E-05  3.63178E+00
  0.0000000000E+00  5.2000000000E+00  9.73146E-06  3.55737E+00
  0.0000000000E+00  5.4000000000E+00  8.61600E-06  3.52644E+00
  0.0000000000E+00  5.6000000000E+00  7.52258E-06  3.93343E+00
  0.0000000000E+00  5.8000000000E+00  6.73202E-06  4.35911E+00
  0.0000000000E+00  6.0000000000E+00  6.10911E-06  4.80502E+00
  0.0000000000E+00  6.2000000000E+00  5.53092E-06  4.53335E+00
  0.0000000000E+00  6.4000000000E+00  4.81565E-06  4.55210E+00
  0.0000000000E+00  6.6000000000E+00  4.28738E-06  4.41006E+00
  0.0000000000E+00  6.8000000000E+00  3.98049E-06  5.58694E+00
  0.0000000000E+00  7.0000000000E+00  3.43497E-06  5.91075E+00
  0.0000000000E+00  7.2000000000E+00  3.11160E-06  5.38468E+00
  0.0000000000E+00  7.4000000000E+00  2.90136E-06  5.33352E+00
  0.0000000000E+00  7.6000000000E+00  2.71671E-06  5.95619E+00
  0.0000000000E+00  7.8000000000E+00  2.47330E-06  6.20210E+00
  0.0000000000E+00  8.0000000000E+00  2.31801E-06  5.87446E+00
  0.0000000000E+00  8.2000000000E+00  2.11316E-06  5.52289E+00
  0.0000000000E+00  8.4000000000E+00  1.97417E-06  4.29595E+00
  0.0000000000E+00  8.6000000000E+00  1.79647E-06  5.98817E+00
  0.0000000000E+00  8.8000000000E+00  1.60023E-06  6.58057E+00
  0.0000000000E+00  9.0000000000E+00  1.44245E-06  6.53059E+00
  0.0000000000E+00  9.2000000000E+00  1.31979E-06  5.25771E+00
  0.0000000000E+00  9.4000000000E+00  1.20976E-06  5.94224E+00
  0.0000000000E+00  9.6000000000E+00  1.13652E-06  7.60002E+00
  0.0000000000E+00  9.8000000000E+00  1.06682E-06  7.57257E+00
  0.0000000000E+00  1.0000000000E+01  1.06682E-06  7.57257E+00

  2.0943934123E-01  0.0000000000E+00  2.20210E-02  5.41419E-01
  2.0943934123E-01  2.0000000000E-01  2.84686E-03  1.09440E+00
  2.0943934123E-01  4.0000000000E-01  1.45158E-03  8.95423E-01
  2.0943934123E-01  6.0000000000E-01  8.74802E-04  9.76677E-01
  2.0943934123E-01  8.0000000000E-01  5.73587E-04  1.34626E+00
  2.0943934123E-01  1.0000000000E+00  3.98241E-04  1.34641E+00
  2.0943934123E-01  1.2000000000E+00  2.88970E-04  1.23527E+00
  2.0943934123E-01  1.4000000000E+00  2.17702E-04  1.63452E+00
  2.0943934123E-01  1.6000000000E+00  1.68661E-04  1.65470E+00
  2.0943934123E-01  1.8000000000E+00  1.32985E-04  1.50445E+00
  2.0943934123E-01  2.0000000000E+00  1.05665E-04  1.57926E+00
  2.0943934123E-01  2.2000000000E+00  8.58256E-05  1.40016E+00
  2.0943934123E-01  2.4000000000E+00  7.09297E-05  1.64580E+00
  2.0943934123E-01  2.6000000000E+00  5.86898E-05  1.61938E+00
  2.0943934123E-01  2.8000000000E+00  4.88254E-05  1.99914E+00
  2.0943934123E-01  3.0000000000E+00  4.18719E-05  2.40510E+00
  2.0943934123E-01  3.2000000000E+00  3.51627E-05  2.40595E+00
  2.0943934123E-01  3.4000000000E+00  3.03186E-05  2.40465E+00
  2.0943934123E-01  3.6000000000E+00  2.59328E-05  2.60411E+00
  2.0943934123E-01  3.8000000000E+00  2.28240E-05  2.78208E+00
  2.0943934123E-01  4.0000000000E+00  1.99404E-05  3.11153E+00
  2.0943934123E-01  4.2000000000E+00  1.75554E-05  3.04413E+00
  2.0943934123E-01  4.4000000000E+00  1.56105E-05  2.60260E+00
  2.0943934123E-01  4.6000000000E+00  1.37170E-05  2.88090E+00
  2.0943934123E-01  4.8000000000E+00  1.25118E-05  3.68601E+00
  2.0943934123E-01  5.0000000000E+00  1.08829E-05  3.63178E+00
  2.0943934123E-01  5.2000000000E+00  9.73146E-06  3.55737E+00
  2.0943934123E-01  5.4000000000E+00  8.61600E-06  3.52644E+00
  2.0943934123E-01  5.6000000000E+00  7.52258E-06  3.93343E+00
  2.0943934123E-01  5.8000000000E+00  6.73202E-06  4.35911E+00
  2.0943934123E-01  6.0000000000E+00  6.10911E-06  4.80502E+00
  2.0943934123E-01  6.2000000000E+00  5.53092E-06  4.53335E+00
  2.0943934123E-01  6.4000000000E+00  4.81565E-06  4.55210E+00
  2.0943934123E-01  6.6000000000E+00  4.28738E-06  4.41006E+00
  2.0943934123E-01  6.8000000000E+00  3.98049E-06  5.58694E+00
  2.0943934123E-01  7.0000000000E+00  3.43497E-06  5.91075E+00
  2.0943934123E-01  7.2000000000E+00  3.11160E-06  5.38468E+00
  2.0943934123E-01  7.4000000000E+00  2.90136E-06  5.33352E+00
  2.0943934123E-01  7.6000000000E+00  2.71671E-06  5.95619E+00
  2.0943934123E-01  7.8000000000E+00  2.47330E-06  6.20210E+00
  2.0943934123E-01  8.0000000000E+00  2.31801E-06  5.87446E+00
  2.0943934123E-01  8.2000000000E+00  2.11316E-06  5.52289E+00
  2.0943934123E-01  8.4000000000E+00  1.97417E-06  4.29595E+00
  2.0943934123E-01  8.6000000000E+00  1.79647E-06  5.98817E+00
  2.0943934123E-01  8.8000000000E+00  1.60023E-06  6.58057E+00
  2.0943934123E-01  9.0000000000E+00  1.44245E-06  6.53059E+00
  2.0943934123E-01  9.2000000000E+00  1.31979E-06  5.25771E+00
  2.0943934123E-01  9.4000000000E+00  1.20976E-06  5.94224E+00
  2.0943934123E-01  9.6000000000E+00  1.13652E-06  7.60002E+00
  2.0943934123E-01  9.8000000000E+00  1.06682E-06  7.57257E+00
  2.0943934123E-01  1.0000000000E+01  1.06682E-06  7.57257E+00

  4.1887868245E-01  0.0000000000E+00  2.20210E-02  5.41419E-01
  4.1887868245E-01  2.0000000000E-01  2.84686E-03  1.09440E+00
  4.1887868245E-01  4.0000000000E-01  1.45158E-03  8.95423E-01
  4.1887868245E-01  6.0000000000E-01  8.74802E-04  9.76677E-01
  4.1887868245E-01  8.0000000000E-01  5.73587E-04  1.34626E+00
  4.1887868245E-01  1.0000000000E+00  3.98241E-04  1.34641E+00
  4.1887868245E-01  1.2000000000E+00  2.88970E-04  1.23527E+00
  4.1887868245E-01  1.4000000000E+00  2.17702E-04  1.63452E+00
  4.1887868245E-01  1.6000000000E+00  1.68661E-04  1.65470E+00
  4.1887868245E-01  1.8000000000E+00  1.32985E-04  1.50445E+00
  4.1887868245E-01  2.0000000000E+00  1.05665E-04  1.57926E+00
  4.1887868245E-01  2.2000000000E+00  8.58256E-05  1.40016E+00
  4.1887868245E-01  2.4000000000E+00  7.09297E-05  1.64580E+00
  4.1887868245E-01  2.6000000000E+00  5.86898E-05  1.61938E+00
  4.1887868245E-01  2.8000000000E+00  4.88254E-05  1.99914E+00
  4.1887868245E-01  3.0000000000E+00  4.18719E-05  2.40510E+00
  4.1887868245E-01  3.2000000000E+00  3.51627E-05  2.40595E+00
  4.1887868245E-01  3.4000000000E+00  3.03186E-05  2.40465E+00
  4.1887868245E-01  3.6000000000E+00  2.59328E-05  2.60411E+00
  4.1887868245E-01  3.8000000000E+00  2.28240E-05  2.78208E+00
  4.1887868245E-01  4.0000000000E+00  1.99404E-05  3.11153E+00
  4.1887868245E-01  4.2000000000E+00  1.75554E-05  3.04413E+00
  4.1887868245E-01  4.4000000000E+00  1.56105E-05  2.60260E+00
  4.1887868245E-01  4.6000000000E+00  1.37170E-05  2.88090E+00
  4.1887868245E-01  4.8000000000E+00  1.25118E-05  3.68601E+00
  4.1887868245E-01  5.0000000000E+00  1.08829E-05  3.63178E+00
  4.1887868245E-01  5.2000000000E+00  9.73146E-06  3.55737E+00
  4.1887868245E-01  5.4000000000E+00  8.61600E-06  3.52644E+00
  4.1887868245E-01  5.6000000000E+00  7.52258E-06  3.93343E+00
  4.1887868245E-01  5.8000000000E+00  6.73202E-06  4.35911E+00
  4.1887868245E-01  6.0000000000E+00  6.10911E-06  4.80502E+00
  4.1887868245E-01  6.2000000000E+00  5.53092E-06  4.53335E+00
  4.1887868245E-01  6.4000000000E+00  4.81565E-06  4.55210E+00
  4.1887868245E-01  6.6000000000E+00  4.28738E-06  4.41006E+00
  4.1887868245E-01  6.8000000000E+00  3.98049E-06  5.58694E+00
  4.1887868245E-01  7.0000000000E+00  3.43497E-06  5.91075E+00
  4.1887868245E-01  7.2000000000E+00  3.11160E-06  5.38468E+00
  4.1887868245E-01  7.4000000000E+00  2.90136E-06  5.33352E+00
  4.1887868245E-01  7.6000000000E+00  2.71671E-06  5.95619E+00
  4.1887868245E-01  7.8000000000E+00  2.47330E-06  6.20210E+00
  4.1887868245E-01  8.0000000000E+00  2.31801E-06  5.87446E+00
  4.1887868245E-01  8.2000000000E+00  2.11316E-06  5.52289E+00
  4.1887868245E-01  8.4000000000E+00  1.97417E-06  4.29595E+00
  4.1887868245E-01  8.6000000000E+00  1.79647E-06  5.98817E+00
  4.1887868245E-01  8.8000000000E+00  1.60023E-06  6.58057E+00
  4.1887868245E-01  9.0000000000E+00  1.44245E-06  6.53059E+00
  4.1887868245E-01  9.2000000000E+00  1.31979E-06  5.25771E+00
  4.1887868245E-01  9.4000000000E+00  1.20976E-06  5.94224E+00
  4.1887868245E-01  9.6000000000E+00  1.13652E-06  7.60002E+00
  4.1887868245E-01  9.8000000000E+00  1.06682E-06  7.57257E+00
  4.1887868245E-01  1.0000000000E+01  1.06682E-06  7.57257E+00

  6.2831802368E-01  0.0000000000E+00  2.18944E-02  3.54123E-01
  6.2831802368E-01  2.0000000000E-01  2.83487E-03  5.53686E-01
  6.2831802368E-01  4.0000000000E-01  1.44102E-03  6.39736E-01
  6.2831802368E-01  6.0000000000E-01  8.63832E-04  9.06526E-01
  6.2831802368E-01  8.0000000000E-01  5.67125E-04  1.07589E+00
  6.2831802368E-01  1.0000000000E+00  3.97108E-04  1.09144E+00
  6.2831802368E-01  1.2000000000E+00  2.91648E-04  1.23506E+00
  6.2831802368E-01  1.4000000000E+00  2.18474E-04  1.05969E+00
  6.2831802368E-01  1.6000000000E+00  1.68164E-04  9.25519E-01
  6.2831802368E-01  1.8000000000E+00  1.33153E-04  8.67088E-01
  6.2831802368E-01  2.0000000000E+00  1.07767E-04  1.16625E+00
  6.2831802368E-01  2.2000000000E+00  8.69120E-05  1.06830E+00
  6.2831802368E-01  2.4000000000E+00  7.08610E-05  1.29893E+00
  6.2831802368E-01  2.6000000000E+00  5.92838E-05  2.16453E+00
  6.2831802368E-01  2.8000000000E+00  4.94959E-05  1.94072E+00
  6.2831802368E-01  3.0000000000E+00  4.22916E-05  2.18338E+00
  6.2831802368E-01  3.2000000000E+00  3.60706E-05  2.35225E+00
  6.2831802368E-01  3.4000000000E+00  3.08586E-05  2.28769E+00
  6.2831802368E-01  3.6000000000E+00  2.68849E-05  2.25809E+00
  6.2831802368E-01  3.8000000000E+00  2.34607E-05  2.06344E+00
  6.2831802368E-01  4.0000000000E+00  2.01019E-05  2.64205E+00
  6.2831802368E-01  4.2000000000E+00  1.75669E-05  2.90161E+00
  6.2831802368E-01  4.4000000000E+00  1.53596E-05  2.83773E+00
  6.2831802368E-01  4.6000000000E+00  1.35051E-05  3.19610E+00
  6.2831802368E-01  4.8000000000E+00  1.19515E-05  3.24146E+00
  6.2831802368E-01  5.0000000000E+00  1.06188E-05  3.46200E+00
  6.2831802368E-01  5.2000000000E+00  9.28127E-06  3.67253E+00
  6.2831802368E-01  5.4000000000E+00  8.44413E-06  3.77767E+00
  6.2831802368E-01  5.6000000000E+00  7.43926E-06  3.52020E+00
  6.2831802368E-01  5.8000000000E+00  6.65813E-06  3.21669E+00
  6.2831802368E-01  6.0000000000E+00  6.13446E-06  3.09985E+00
  6.2831802368E-01  6.2000000000E+00  5.75207E-06  2.80912E+00
  6.2831802368E-01  6.4000000000E+00  5.11511E-06  3.14808E+00
  6.2831802368E-01  6.6000000000E+00  4.67147E-06  3.96691E+00
  6.2831802368E-01  6.8000000000E+00  4.16898E-06  4.66037E+00
  6.2831802368E-01  7.0000000000E+00  3.86466E-06  5.28011E+00
  6.2831802368E-01  7.2000000000E+00  3.51048E-06  4.98815E+00
  6.2831802368E-01  7.4000000000E+00  3.07880E-06  5.12766E+00
  6.2831802368E-01  7.6000000000E+00  2.82311E-06  5.64712E+00
  6.2831802368E-01  7.8000000000E+00  2.49160E-06  5.92534E+00
  6.2831802368E-01  8.0000000000E+00  2.29268E-06  5.90912E+00
  6.2831802368E-01  8.2000000000E+00  2.08092E-06  6.20539E+00
  6.2831802368E-01  8.4000000000E+00  1.86879E-06  6.25263E+00
  6.2831802368E-01  8.6000000000E+00  1.78803E-06  5.86215E+00
  6.2831802368E-01  8.8000000000E+00  1.64445E-06  5.97213E+00
  6.2831802368E-01  9.0000000000E+00  1.51196E-06  6.35835E+00
  6.2831802368E-01  9.2000000000E+00  1.35085E-06  6.35423E+00
  6.2831802368E-01  9.4000000000E+00  1.22137E-06  4.62266E+00
  6.2831802368E-01  9.6000000000E+00  1.09497E-06  6.49837E+00
  6.2831802368E-01  9.8000000000E+00  9.98300E-07  7.40807E+00
  6.2831802368E-01  1.0000000000E+01  9.98300E-07  7.40807E+00

  8.3775736491E-01  0.0000000000E+00  2.18944E-02  3.54123E-01
  8.3775736491E-01  2.0000000000E-01  2.83487E-03  5.53686E-01
  8.3775736491E-01  4.0000000000E-01  1.44102E-03  6.39736E-01
  8.3775736491E-01  6.0000000000E-01  8.63832E-04  9.06526E-01
  8.3775736491E-01  8.0000000000E-01  5.67125E-04  1.07589E+00
  8.3775736491E-01  1.0000000000E+00  3.97108E-04  1.09144E+00
  8.3775736491E-01  1.2000000000E+00  2.91648E-04  1.23506E+00
  8.3775736491E-01  1.4000000000E+00  2.18474E-04  1.05969E+00
  8.3775736491E-01  1.6000000000E+00  1.68164E-04  9.25519E-01
  8.3775736491E-01  1.8000000000E+00  1.33153E-04  8.67088E-01
  8.3775736491E-01  2.0000000000E+00  1.07767E-04  1.16625E+00
  8.3775736491E-01  2.2000000000E+00  8.69120E-05  1.06830E+00
  8.3775736491E-01  2.4000000000E+00  7.08610E-05  1.29893E+00
  8.3775736491E-01  2.6000000000E+00  5.92838E-05  2.16453E+00
  8.3775736491E-01  2.8000000000E+00  4.94959E-05  1.94072E+00
  8.3775736491E-01  3.0000000000E+00  4.22916E-05  2.18338E+00
  8.3775736491E-01  3.2000000000E+00  3.60706E-05  2.35225E+00
  8.3775736491E-01  3.4000000000E+00  3.08586E-05  2.28769E+00
  8.3775736491E-01  3.6000000000E+00  2.68849E-05  2.25809E+00
  8.3775736491E-01  3.8000000000E+00  2.34607E-05  2.06344E+00
  8.3775736491E-01  4.0000000000E+00  2.01019E-05  2.64205E+00
  8.3775736491E-01  4.2000000000E+00  1.75669E-05  2.90161E+00
  8.3775736491E-01  4.4000000000E+00  1.53596E-05  2.83773E+00
  8.3775736491E-01  4.6000000000E+00  1.35051E-05  3.19610E+00
  8.3775736491E-01  4.8000000000E+00  1.19515E-05  3.24146E+00
  8.3775736491E-01  5.0000000000E+00  1.06188E-05  3.46200E+00
  8.3775736491E-01  5.2000000000E+00  9.28127E-06  3.67253E+00
  8.3775736491E-01  5.4000000000E+00  8.44413E-06  3.77767E+00
  8.3775736491E-01  5.6000000000E+00  7.43926E-06  3.52020E+00
  8.3775736491E-01  5.8000000000E+00  6.65813E-06  3.21669E+00
  8.3775736491E-01  6.0000000000E+00  6.13446E-06  3.09985E+00
  8.3775736491E-01  6.2000000000E+00  5.75207E-06  2.80912E+00
  8.3775736491E-01  6.4000000000E+00  5.11511E-06  3.14808E+00
  8.3775736491E-01  6.6000000000E+00  4.67147E-06  3.96691E+00
  8.3775736491E-01  6.8000000000E+00  4.16898E-06  4.66037E+00
  8.3775736491E-01  7.0000000000E+00  3.86466E-06  5.28011E+00
  8.3775736491E-01  7.2000000000E+00  3.51048E-06  4.98815E+00
  8.3775736491E-01  7.4000000000E+00  3.07880E-06  5.12766E+00
  8.3775736491E-01  7.6000000000E+00  2.82311E-06  5.64712E+00
  8.3775736491E-01  7.8000000000E+00  2.49160E-06  5.92534E+00
  8.3775736491E-01  8.0000000000E+00  2.29268E-06  5.90912E+00
  8.3775736491E-01  8.2000000000E+00  2.08092E-06  6.20539E+00
  8.3775736491E-01  8.4000000000E+00  1.86879E-06  6.25263E+00
  8.3775736491E-01  8.6000000000E+00  1.78803E-06  5.86215E+00
  8.3775736491E-01  8.8000000000E+00  1.64445E-06  5.97213E+00
  8.3775736491E-01  9.0000000000E+00  1.51196E-06  6.35835E+00
  8.3775736491E-01  9.2000000000E+00  1.35085E-06  6.35423E+00
  8.3775736491E-01  9.4000000000E+00  1.22137E-06  4.62266E+00
  8.3775736491E-01  9.6000000000E+00  1.09497E-06  6.49837E+00
  8.3775736491E-01  9.8000000000E+00  9.98300E-07  7.40807E+00
  8.3775736491E-01  1.0000000000E+01  9.98300E-07  7.40807E+00

  1.0471967061E+00  0.0000000000E+00  2.18944E-02  3.54123E-01
  1.0471967061E+00  2.0000000000E-01  2.83487E-03  5.53686E-01
  1.0471967061E+00  4.0000000000E-01  1.44102E-03  6.39736E-01
  1.0471967061E+00  6.0000000000E-01  8.63832E-04  9.06526E-01
  1.0471967061E+00  8.0000000000E-01  5.67125E-04  1.07589E+00
  1.0471967061E+00  1.0000000000E+00  3.97108E-04  1.09144E+00
  1.0471967061E+00  1.2000000000E+00  2.91648E-04  1.23506E+00
  1.0471967061E+00  1.4000000000E+00  2.18474E-04  1.05969E+00
  1.0471967061E+00  1.6000000000E+00  1.68164E-04  9.25519E-01
  1.0471967061E+00  1.8000000000E+00  1.33153E-04  8.67088E-01
  1.0471967061E+00  2.0000000000E+00  1.07767E-04  1.16625E+00
  1.0471967061E+00  2.2000000000E+00  8.69120E-05  1.06830E+00
  1.0471967061E+00  2.4000000000E+00  7.08610E-05  1.29893E+00
  1.0471967061E+00  2.6000000000E+00  5.92838E-05  2.16453E+00
  1.0471967061E+00  2.8000000000E+00  4.94959E-05  1.94072E+00
  1.0471967061E+00  3.0000000000E+00  4.22916E-05  2.18338E+00
  1.0471967061E+00  3.2000000000E+00  3.60706E-05  2.35225E+00
  1.0471967061E+00  3.4000000000E+00  3.08586E-05  2.28769E+00
  1.0471967061E+00  3.6000000000E+00  2.68849E-05  2.25809E+00
  1.0471967061E+00  3.8000000000E+00  2.34607E-05  2.06344E+00
  1.0471967061E+00  4.0000000000E+00  2.01019E-05  2.64205E+00
  1.0471967061E+00  4.2000000000E+00  1.75669E-05  2.90161E+00
  1.0471967061E+00  4.4000000000E+00  1.53596E-05  2.83773E+00
  1.0471967061E+00  4.6000000000E+00  1.35051E-05  3.19610E+00
  1.0471967061E+00  4.8000000000E+00  1.19515E-05  3.24146E+00
  1.0471967061E+00  5.0000000000E+00  1.06188E-05  3.46200E+00
  1.0471967061E+00  5.2000000000E+00  9.28127E-06  3.67253E+00
  1.0471967061E+00  5.4000000000E+00  8.44413E-06  3.77767E+00
  1.0471967061E+00  5.6000000000E+00  7.43926E-06  3.52020E+00
  1.0471967061E+00  5.8000000000E+00  6.65813E-06  3.21669E+00
  1.0471967061E+00  6.0000000000E+00  6.13446E-06  3.09985E+00
  1.0471967061E+00  6.2000000000E+00  5.75207E-06  2.80912E+00
  1.0471967061E+00  6.4000000000E+00  5.11511E-06  3.14808E+00
  1.0471967061E+00  6.6000000000E+00  4.67147E-06  3.96691E+00
  1.0471967061E+00  6.8000000000E+00  4.16898E-06  4.66037E+00
  1.0471967061E+00  7.0000000000E+00  3.86466E-06  5.28011E+00
  1.0471967061E+00  7.2000000000E+00  3.51048E-06  4.98815E+00
  1.0471967061E+00  7.4000000000E+00  3.07880E-06  5.12766E+00
  1.0471967061E+00  7.6000000000E+00  2.82311E-06  5.64712E+00
  1.0471967061E+00  7.8000000000E+00  2.49160E-06  5.92534E+00
  1.0471967061E+00  8.0000000000E+00  2.29268E-06  5.90912E+00
  1.0471967061E+00  8.2000000000E+00  2.08092E-06  6.20539E+00
  1.0471967061E+00  8.4000000000E+00  1.86879E-06  6.25263E+00
  1.0471967061E+00  8.6000000000E+00  1.78803E-06  5.86215E+00
  1.0471967061E+00  8.8000000000E+00  1.64445E-06  5.97213E+00
  1.0471967061E+00  9.0000000000E+00  1.51196E-06  6.35835E+00
  1.0471967061E+00  9.2000000000E+00  1.35085E-06  6.35423E+00
  1.0471967061E+00  9.4000000000E+00  1.22137E-06  4.62266E+00
  1.0471967061E+00  9.6000000000E+00  1.09497E-06  6.49837E+00
  1.0471967061E+00  9.8000000000E+00  9.98300E-07  7.40807E+00
  1.0471967061E+00  1.0000000000E+01  9.98300E-07  7.40807E+00

  1.2566360474E+00  0.0000000000E+00  2.19938E-02  2.79658E-01
  1.2566360474E+00  2.0000000000E-01  2.89231E-03  8.80967E-01
  1.2566360474E+00  4.0000000000E-01  1.46682E-03  7.95580E-01
  1.2566360474E+00  6.0000000000E-01  8.85266E-04  9.20025E-01
  1.2566360474E+00  8.0000000000E-01  5.84845E-04  1.20208E+00
  1.2566360474E+00  1.0000000000E+00  4.10510E-04  1.17642E+00
  1.2566360474E+00  1.2000000000E+00  3.00651E-04  1.49751E+00
  1.2566360474E+00  1.4000000000E+00  2.25473E-04  1.56414E+00
  1.2566360474E+00  1.6000000000E+00  1.73912E-04  1.50954E+00
  1.2566360474E+00  1.8000000000E+00  1.35889E-04  1.35451E+00
  1.2566360474E+00  2.0000000000E+00  1.08598E-04  1.46071E+00
  1.2566360474E+00  2.2000000000E+00  8.76401E-05  1.72155E+00
  1.2566360474E+00  2.4000000000E+00  7.25764E-05  1.87973E+00
  1.2566360474E+00  2.6000000000E+00  6.02639E-05  2.12225E+00
  1.2566360474E+00  2.8000000000E+00  5.03568E-05  2.13783E+00
  1.2566360474E+00  3.0000000000E+00  4.25207E-05  2.72863E+00
  1.2566360474E+00  3.2000000000E+00  3.58644E-05  2.68356E+00
  1.2566360474E+00  3.4000000000E+00  3.11276E-05  2.27854E+00
  1.2566360474E+00  3.6000000000E+00  2.65765E-05  2.25712E+00
  1.2566360474E+00  3.8000000000E+00  2.36757E-05  2.52506E+00
  1.2566360474E+00  4.0000000000E+00  2.03812E-05  2.41291E+00
  1.2566360474E+00  4.2000000000E+00  1.78212E-05  2.64002E+00
  1.2566360474E+00  4.4000000000E+00  1.59341E-05  3.05520E+00
  1.2566360474E+00  4.6000000000E+00  1.39660E-05  3.20881E+00
  1.2566360474E+00  4.8000000000E+00  1.23803E-05  3.11472E+00
  1.2566360474E+00  5.0000000000E+00  1.10395E-05  2.94266E+00
  1.2566360474E+00  5.2000000000E+00  9.78146E-06  2.62276E+00
  1.2566360474E+00  5.4000000000E+00  8.72701E-06  2.98542E+00
  1.2566360474E+00  5.6000000000E+00  7.79357E-06  3.31230E+00
  1.2566360474E+00  5.8000000000E+00  6.97075E-06  3.03831E+00
  1.2566360474E+00  6.0000000000E+00  6.04125E-06  3.71426E+00
  1.2566360474E+00  6.2000000000E+00  5.53870E-06  4.29738E+00
  1.2566360474E+00  6.4000000000E+00  4.95125E-06  4.08540E+00
  1.2566360474E+00  6.6000000000E+00  4.46088E-06  4.40543E+00
  1.2566360474E+00  6.8000000000E+00  4.09404E-06  4.98439E+00
  1.2566360474E+00  7.0000000000E+00  3.66440E-06  3.59150E+00
  1.2566360474E+00  7.2000000000E+00  3.34010E-06  4.44390E+00
  1.2566360474E+00  7.4000000000E+00  3.01165E-06  5.63506E+00
  1.2566360474E+00  7.6000000000E+00  2.64990E-06  5.76581E+00
  1.2566360474E+00  7.8000000000E+00  2.40059E-06  4.40033E+00
  1.2566360474E+00  8.0000000000E+00  2.22411E-06  5.47469E+00
  1.2566360474E+00  8.2000000000E+00  2.05281E-06  6.21394E+00
  1.2566360474E+00  8.4000000000E+00  1.91712E-06  5.83842E+00
  1.2566360474E+00  8.6000000000E+00  1.82353E-06  4.29716E+00
  1.2566360474E+00  8.8000000000E+00  1.62912E-06  5.44019E+00
  1.2566360474E+00  9.0000000000E+00  1.46458E-06  7.06446E+00
  1.2566360474E+00  9.2000000000E+00  1.30058E-06  6.67784E+00
  1.2566360474E+00  9.4000000000E+00  1.16465E-06  7.50985E+00
  1.2566360474E+00  9.6000000000E+00  1.09301E-06  8.47441E+00
  1.2566360474E+00  9.8000000000E+00  9.92927E-07  8.77106E+00
  1.2566360474E+00  1.0000000000E+01  9.92927E-07  8.77106E+00

  1.4660753886E+00  0.0000000000E+00  2.19938E-02  2.79658E-01
  1.4660753886E+00  2.0000000000E-01  2.89231E-03  8.80967E-01
  1.4660753886E+00  4.0000000000E-01  1.46682E-03  7.95580E-01
  1.4660753886E+00  6.0000000000E-01  8.85266E-04  9.20025E-01
  1.4660753886E+00  8.0000000000E-01  5.84845E-04  1.20208E+00
  1.4660753886E+00  1.0000000000E+00  4.10510E-04  1.17642E+00
  1.4660753886E+00  1.2000000000E+00  3.00651E-04  1.49751E+00
  1.4660753886E+00  1.4000000000E+00  2.25473E-04  1.56414E+00
  1.4660753886E+00  1.6000000000E+00  1.73912E-04  1.50954E+00
  1.4660753886E+00  1.8000000000E+00  1.35889E-04  1.35451E+00
  1.4660753886E+00  2.0000000000E+00  1.08598E-04  1.46071E+00
  1.4660753886E+00  2.2000000000E+00  8.76401E-05  1.72155E+00
  1.4660753886E+00  2.4000000000E+00  7.25764E-05  1.87973E+00
  1.4660753886E+00  2.6000000000E+00  6.02639E-05  2.12225E+00
  1.4660753886E+00  2.8000000000E+00  5.03568E-05  2.13783E+00
  1.4660753886E+00  3.0000000000E+00  4.25207E-05  2.72863E+00
  1.4660753886E+00  3.2000000000E+00  3.58644E-05  2.68356E+00
  1.4660753886E+00  3.4000000000E+00  3.11276E-05  2.27854E+00
  1.4660753886E+00  3.6000000000E+00  2.65765E-05  2.25712E+00
  1.4660753886E+00  3.8000000000E+00  2.36757E-05  2.52506E+00
  1.4660753886E+00  4.0000000000E+00  2.03812E-05  2.41291E+00
  1.4660753886E+00  4.2000000000E+00  1.78212E-05  2.64002E+00
  1.4660753886E+00  4.4000000000E+00  1.59341E-05  3.05520E+00
  1.4660753886E+00  4.6000000000E+00  1.39660E-05  3.20881E+00
  1.4660753886E+00  4.8000000000E+00  1.23803E-05  3.11472E+00
  1.4660753886E+00  5.0000000000E+00  1.10395E-05  2.94266E+00
  1.4660753886E+00  5.2000000000E+00  9.78146E-06  2.62276E+00
  1.4660753886E+00  5.4000000000E+00  8.72701E-06  2.98542E+00
  1.4660753886E+00  5.6000000000E+00  7.79357E-06  3.31230E+00
  1.4660753886E+00  5.8000000000E+00  6.97075E-06  3.03831E+00
  1.4660753886E+00  6.0000000000E+00  6.04125E-06  3.71426E+00
  1.4660753886E+00  6.2000000000E+00  5.53870E-06  4.29738E+00
  1.4660753886E+00  6.4000000000E+00  4.95125E-06  4.08540E+00
  1.4660753886E+00  6.6000000000E+00  4.46088E-06  4.40543E+00
  1.4660753886E+00  6.8000000000E+00  4.09404E-06  4.98439E+00
  1.4660753886E+00  7.0000000000E+00  3.66440E-06  3.59150E+00
  1.4660753886E+00  7.2000000000E+00  3.34010E-06  4.44390E+00
  1.4660753886E+00  7.4000000000E+00  3.01165E-06  5.63506E+00
  1.4660753886E+00  7.6000000000E+00  2.64990E-06  5.76581E+00
  1.4660753886E+00  7.8000000000E+00  2.40059E-06  4.40033E+00
  1.4660753886E+00  8.0000000000E+00  2.22411E-06  5.47469E+00
  1.4660753886E+00  8.2000000000E+00  2.05281E-06  6.21394E+00
  1.4660753886E+00  8.4000000000E+00  1.91712E-06  5.83842E+00
  1.4660753886E+00  8.6000000000E+00  1.82353E-06  4.29716E+00
  1.4660753886E+00  8.8000000000E+00  1.62912E-06  5.44019E+00
  1.4660753886E+00  9.0000000000E+00  1.46458E-06  7.06446E+00
  1.4660753886E+00  9.2000000000E+00  1.30058E-06  6.67784E+00
  1.4660753886E+00  9.4000000000E+00  1.16465E-06  7.50985E+00
  1.4660753886E+00  9.6000000000E+00  1.09301E-06  8.47441E+00
  1.4660753886E+00  9.8000000000E+00  9.92927E-07  8.77106E+00
  1.4660753886E+00  1.0000000000E+01  9.92927E-07  8.77106E+00

  1.6755147298E+00  0.0000000000E+00  2.19938E-02  2.79658E-01
  1.6755147298E+00  2.0000000000E-01  2.89231E-03  8.80967E-01
  1.6755147298E+00  4.0000000000E-01  1.46682E-03  7.95580E-01
  1.6755147298E+00  6.0000000000E-01  8.85266E-04  9.20025E-01
  1.6755147298E+00  8.0000000000E-01  5.84845E-04  1.20208E+00
  1.6755147298E+00  1.0000000000E+00  4.10510E-04  1.17642E+00
  1.6755147298E+00  1.2000000000E+00  3.00651E-04  1.49751E+00
  1.6755147298E+00  1.4000000000E+00  2.25473E-04  1.56414E+00
  1.6755147298E+00  1.6000000000E+00  1.73912E-04  1.50954E+00
  1.6755147298E+00  1.8000000000E+00  1.35889E-04  1.35451E+00
  1.6755147298E+00  2.0000000000E+00  1.08598E-04  1.46071E+00
  1.6755147298E+00  2.2000000000E+00  8.76401E-05  1.72155E+00
  1.6755147298E+00  2.4000000000E+00  7.25764E-05  1.87973E+00
  1.6755147298E+00  2.6000000000E+00  6.02639E-05  2.12225E+00
  1.6755147298E+00  2.8000000000E+00  5.03568E-05  2.13783E+00
  1.6755147298E+00  3.0000000000E+00  4.25207E-05  2.72863E+00
  1.6755147298E+00  3.2000000000E+00  3.58644E-05  2.68356E+00
  1.6755147298E+00  3.4000000000E+00  3.11276E-05  2.27854E+00
  1.6755147298E+00  3.6000000000E+00  2.65765E-05  2.25712E+00
  1.6755147298E+00  3.8000000000E+00  2.36757E-05  2.52506E+00
  1.6755147298E+00  4.0000000000E+00  2.03812E-05  2.41291E+00
  1.6755147298E+00  4.2000000000E+00  1.78212E-05  2.64002E+00
  1.6755147298E+00  4.4000000000E+00  1.59341E-05  3.05520E+00
  1.6755147298E+00  4.6000000000E+00  1.39660E-05  3.20881E+00
  1.6755147298E+00  4.8000000000E+00  1.23803E-05  3.11472E+00
  1.6755147298E+00  5.0000000000E+00  1.10395E-05  2.94266E+00
  1.6755147298E+00  5.2000000000E+00  9.78146E-06  2.62276E+00
  1.6755147298E+00  5.4000000000E+00  8.72701E-06  2.98542E+00
  1.6755147298E+00  5.6000000000E+00  7.79357E-06  3.31230E+00
  1.6755147298E+00  5.8000000000E+00  6.97075E-06  3.03831E+00
  1.6755147298E+00  6.0000000000E+00  6.04125E-06  3.71426E+00
  1.6755147298E+00  6.2000000000E+00  5.53870E-06  4.29738E+00
  1.6755147298E+00  6.4000000000E+00  4.95125E-06  4.08540E+00
  1.6755147298E+00  6.6000000000E+00  4.46088E-06  4.40543E+00
  1.6755147298E+00  6.8000000000E+00  4.09404E-06  4.98439E+00
  1.6755147298E+00  7.0000000000E+00  3.66440E-06  3.59150E+00
  1.6755147298E+00  7.2000000000E+00  3.34010E-06  4.44390E+00
  1.6755147298E+00  7.4000000000E+00  3.01165E-06  5.63506E+00
  1.6755147298E+00  7.6000000000E+00  2.64990E-06  5.76581E+00
  1.6755147298E+00  7.8000000000E+00  2.40059E-06  4.40033E+00
  1.6755147298E+00  8.0000000000E+00  2.22411E-06  5.47469E+00
  1.6755147298E+00  8.2000000000E+00  2.05281E-06  6.21394E+00
  1.6755147298E+00  8.4000000000E+00  1.91712E-06  5.83842E+00
  1.6755147298E+00  8.6000000000E+00  1.82353E-06  4.29716E+00
  1.6755147298E+00  8.8000000000E+00  1.62912E-06  5.44019E+00
  1.6755147298E+00  9.0000000000E+00  1.46458E-06  7.06446E+00
  1.6755147298E+00  9.2000000000E+00  1.30058E-06  6.67784E+00
  1.6755147298E+00  9.4000000000E+00  1.16465E-06  7.50985E+00
  1.6755147298E+00  9.6000000000E+00  1.09301E-06  8.47441E+00
  1.6755147298E+00  9.8000000000E+00  9.92927E-07  8.77106E+00
  1.6755147298E+00  1.0000000000E+01  9.92927E-07  8.77106E+00

  1.8849540710E+00  0.0000000000E+00  2.19191E-02  2.77257E-01
  1.8849540710E+00  2.0000000000E-01  2.85639E-03  8.54253E-01
  1.8849540710E+00  4.0000000000E-01  1.44568E-03  9.86875E-01
  1.8849540710E+00  6.0000000000E-01  8.73227E-04  1.19238E+00
  1.8849540710E+00  8.0000000000E-01  5.74300E-04  1.36508E+00
  1.8849540710E+00  1.0000000000E+00  4.05476E-04  1.46433E+00
  1.8849540710E+00  1.2000000000E+00  2.94479E-04  1.53481E+00
  1.8849540710E+00  1.4000000000E+00  2.20251E-04  1.59757E+00
  1.8849540710E+00  1.6000000000E+00  1.71118E-04  1.72280E+00
  1.8849540710E+00  1.8000000000E+00  1.38173E-04  1.39958E+00
  1.8849540710E+00  2.0000000000E+00  1.12352E-04  1.56563E+00
  1.8849540710E+00  2.2000000000E+00  9.05550E-05  1.86138E+00
  1.8849540710E+00  2.4000000000E+00  7.44117E-05  1.68990E+00
  1.8849540710E+00  2.6000000000E+00  6.18134E-05  1.80007E+00
  1.8849540710E+00  2.8000000000E+00  5.23163E-05  2.24523E+00
  1.8849540710E+00  3.0000000000E+00  4.44955E-05  2.45231E+00
  1.8849540710E+00  3.2000000000E+00  3.83011E-05  2.47366E+00
  1.8849540710E+00  3.4000000000E+00  3.29010E-05  1.97961E+00
  1.8849540710E+00  3.6000000000E+00  2.81066E-05  2.16809E+00
  1.8849540710E+00  3.8000000000E+00  2.40820E-05  2.35634E+00
  1.8849540710E+00  4.0000000000E+00  2.12054E-05  2.25423E+00
  1.8849540710E+00  4.2000000000E+00  1.84866E-05  2.59843E+00
  1.8849540710E+00  4.4000000000E+00  1.64559E-05  2.23033E+00
  1.8849540710E+00  4.6000000000E+00  1.43518E-05  2.60167E+00
  1.8849540710E+00  4.8000000000E+00  1.26808E-05  2.82954E+00
  1.8849540710E+00  5.0000000000E+00  1.10051E-05  2.83798E+00
  1.8849540710E+00  5.2000000000E+00  9.73917E-06  2.79823E+00
  1.8849540710E+00  5.4000000000E+00  8.80499E-06  3.30220E+00
  1.8849540710E+00  5.6000000000E+00  7.72397E-06  3.34411E+00
  1.8849540710E+00  5.8000000000E+00  6.87568E-06  3.54723E+00
  1.8849540710E+00  6.0000000000E+00  6.26222E-06  3.62805E+00
  1.8849540710E+00  6.2000000000E+00  5.60873E-06  3.88290E+00
  1.8849540710E+00  6.4000000000E+00  4.99888E-06  3.88175E+00
  1.8849540710E+00  6.6000000000E+00  4.65726E-06  3.93713E+00
  1.8849540710E+00  6.8000000000E+00  4.32656E-06  3.99941E+00
  1.8849540710E+00  7.0000000000E+00  3.82875E-06  4.49188E+00
  1.8849540710E+00  7.2000000000E+00  3.36067E-06  4.84443E+00
  1.8849540710E+00  7.4000000000E+00  3.09322E-06  3.69419E+00
  1.8849540710E+00  7.6000000000E+00  2.77103E-06  4.42254E+00
  1.8849540710E+00  7.8000000000E+00  2.59778E-06  5.01165E+00
  1.8849540710E+00  8.0000000000E+00  2.38017E-06  4.75892E+00
  1.8849540710E+00  8.2000000000E+00  2.18100E-06  5.27228E+00
  1.8849540710E+00  8.4000000000E+00  1.97091E-06  5.46456E+00
  1.8849540710E+00  8.6000000000E+00  1.80222E-06  5.80359E+00
  1.8849540710E+00  8.8000000000E+00  1.63017E-06  7.40506E+00
  1.8849540710E+00  9.0000000000E+00  1.48982E-06  8.26721E+00
  1.8849540710E+00  9.2000000000E+00  1.29070E-06  7.81333E+00
  1.8849540710E+00  9.4000000000E+00  1.15899E-06  7.26035E+00
  1.8849540710E+00  9.6000000000E+00  1.05534E-06  7.07896E+00
  1.8849540710E+00  9.8000000000E+00  9.74110E-07  7.94470E+00
  1.8849540710E+00  1.0000000000E+01  9.74110E-07  7.94470E+00

  2.0943934123E+00  0.0000000000E+00  2.19191E-02  2.77257E-01
  2.0943934123E+00  2.0000000000E-01  2.85639E-03  8.54253E-01
  2.0943934123E+00  4.0000000000E-01  1.44568E-03  9.86875E-01
  2.0943934123E+00  6.0000000000E-01  8.73227E-04  1.19238E+00
  2.0943934123E+00  8.0000000000E-01  5.74300E-04  1.36508E+00
  2.0943934123E+00  1.0000000000E+00  4.05476E-04  1.46433E+00
  2.0943934123E+00  1.2000000000E+00  2.94479E-04  1.53481E+00
  2.0943934123E+00  1.4000000000E+00  2.20251E-04  1.59757E+00
  2.0943934123E+00  1.6000000000E+00  1.71118E-04  1.72280E+00
  2.0943934123E+00  1.8000000000E+00  1.38173E-04  1.39958E+00
  2.0943934123E+00  2.0000000000E+00  1.12352E-04  1.56563E+00
  2.0943934123E+00  2.2000000000E+00  9.05550E-05  1.86138E+00
  2.0943934123E+00  2.4000000000E+00  7.44117E-05  1.68990E+00
  2.0943934123E+00  2.6000000000E+00  6.18134E-05  1.80007E+00
  2.0943934123E+00  2.8000000000E+00  5.23163E-05  2.24523E+00
  2.0943934123E+00  3.0000000000E+00  4.44955E-05  2.45231E+00
  2.0943934123E+00  3.2000000000E+00  3.83011E-05  2.47366E+00
  2.0943934123E+00  3.4000000000E+00  3.29010E-05  1.97961E+00
  2.0943934123E+00  3.6000000000E+00  2.81066E-05  2.16809E+00
  2.0943934123E+00  3.8000000000E+00  2.40820E-05  2.35634E+00
  2.0943934123E+00  4.0000000000E+00  2.12054E-05  2.25423E+00
  2.0943934123E+00  4.2000000000E+00  1.84866E-05  2.59843E+00
  2.0943934123E+00  4.4000000000E+00  1.64559E-05  2.23033E+00
  2.0943934123E+00  4.6000000000E+00  1.43518E-05  2.60167E+00
  2.0943934123E+00  4.8000000000E+00  1.26808E-05  2.82954E+00
  2.0943934123E+00  5.0000000000E+00  1.10051E-05  2.83798E+00
  2.0943934123E+00  5.2000000000E+00  9.73917E-06  2.79823E+00
  2.0943934123E+00  5.4000000000E+00  8.80499E-06  3.30220E+00
  2.0943934123E+00  5.6000000000E+00  7.72397E-06  3.34411E+00
  2.0943934123E+00  5.8000000000E+00  6.87568E-06  3.54723E+00
  2.0943934123E+00  6.0000000000E+00  6.26222E-06  3.62805E+00
  2.0943934123E+00  6.2000000000E+00  5.60873E-06  3.88290E+00
  2.0943934123E+00  6.4000000000E+00  4.99888E-06  3.88175E+00
  2.0943934123E+00  6.6000000000E+00  4.65726E-06  3.93713E+00
  2.0943934123E+00  6.8000000000E+00  4.32656E-06  3.99941E+00
  2.0943934123E+00  7.0000000000E+00  3.82875E-06  4.49188E+00
  2.0943934123E+00  7.2000000000E+00  3.36067E-06  4.84443E+00
  2.0943934123E+00  7.4000000000E+00  3.09322E-06  3.69419E+00
  2.0943934123E+00  7.6000000000E+00  2.77103E-06  4.42254E+00
  2.0943934123E+00  7.8000000000E+00  2.59778E-06  5.01165E+00
  2.0943934123E+00  8.0000000000E+00  2.38017E-06  4.75892E+00
  2.0943934123E+00  8.2000000000E+00  2.18100E-06  5.27228E+00
  2.0943934123E+00  8.4000000000E+00  1.97091E-06  5.46456E+00
  2.0943934123E+00  8.6000000000E+00  1.80222E-06  5.80359E+00
  2.0943934123E+00  8.8000000000E+00  1.63017E-06  7.40506E+00
  2.0943934123E+00  9.0000000000E+00  1.48982E-06  8.26721E+00
  2.0943934123E+00  9.2000000000E+00  1.29070E-06  7.81333E+00
  2.0943934123E+00  9.4000000000E+00  1.15899E-06  7.26035E+00
  2.0943934123E+00  9.6000000000E+00  1.05534E-06  7.07896E+00
  2.0943934123E+00  9.8000000000E+00  9.74110E-07  7.94470E+00
  2.0943934123E+00  1.0000000000E+01  9.74110E-07  7.94470E+00

  2.3038327535E+00  0.0000000000E+00  2.19191E-02  2.77257E-01
  2.3038327535E+00  2.0000000000E-01  2.85639E-03  8.54253E-01
  2.3038327535E+00  4.0000000000E-01  1.44568E-03  9.86875E-01
  2.3038327535E+00  6.0000000000E-01  8.73227E-04  1.19238E+00
  2.3038327535E+00  8.0000000000E-01  5.74300E-04  1.36508E+00
  2.3038327535E+00  1.0000000000E+00  4.05476E-04  1.46433E+00
  2.3038327535E+00  1.2000000000E+00  2.94479E-04  1.53481E+00
  2.3038327535E+00  1.4000000000E+00  2.20251E-04  1.59757E+00
  2.3038327535E+00  1.6000000000E+00  1.71118E-04  1.72280E+00
  2.3038327535E+00  1.8000000000E+00  1.38173E-04  1.39958E+00
  2.3038327535E+00  2.0000000000E+00  1.12352E-04  1.56563E+00
  2.3038327535E+00  2.2000000000E+00  9.05550E-05  1.86138E+00
  2.3038327535E+00  2.4000000000E+00  7.44117E-05  1.68990E+00
  2.3038327535E+00  2.6000000000E+00  6.18134E-05  1.80007E+00
  2.3038327535E+00  2.8000000000E+00  5.23163E-05  2.24523E+00
  2.3038327535E+00  3.0000000000E+00  4.44955E-05  2.45231E+00
  2.3038327535E+00  3.2000000000E+00  3.83011E-05  2.47366E+00
  2.3038327535E+00  3.4000000000E+00  3.29010E-05  1.97961E+00
  2.3038327535E+00  3.6000000000E+00  2.81066E-05  2.16809E+00
  2.3038327535E+00  3.8000000000E+00  2.40820E-05  2.35634E+00
  2.3038327535E+00  4.0000000000E+00  2.12054E-05  2.25423E+00
  2.3038327535E+00  4.2000000000E+00  1.84866E-05  2.59843E+00
  2.3038327535E+00  4.4000000000E+00  1.64559E-05  2.23033E+00
  2.3038327535E+00  4.6000000000E+00  1.43518E-05  2.60167E+00
  2.3038327535E+00  4.8000000000E+00  1.26808E-05  2.82954E+00
  2.3038327535E+00  5.0000000000E+00  1.10051E-05  2.83798E+00
  2.3038327535E+00  5.2000000000E+00  9.73917E-06  2.79823E+00
  2.3038327535E+00  5.4000000000E+00  8.80499E-06  3.30220E+00
  2.3038327535E+00  5.6000000000E+00  7.72397E-06  3.34411E+00
  2.3038327535E+00  5.8000000000E+00  6.87568E-06  3.54723E+00
  2.3038327535E+00  6.0000000000E+00  6.26222E-06  3.62805E+00
  2.3038327535E+00  6.2000000000E+00  5.60873E-06  3.88290E+00
  2.3038327535E+00  6.4000000000E+00  4.99888E-06  3.88175E+00
  2.3038327535E+00  6.6000000000E+00  4.65726E-06  3.93713E+00
  2.3038327535E+00  6.8000000000E+00  4.32656E-06  3.99941E+00
  2.3038327535E+00  7.0000000000E+00  3.82875E-06  4.49188E+00
  2.3038327535E+00  7.2000000000E+00  3.36067E-06  4.84443E+00
  2.3038327535E+00  7.4000000000E+00  3.09322E-06  3.69419E+00
  2.3038327535E+00  7.6000000000E+00  2.77103E-06  4.42254E+00
  2.3038327535E+00  7.8000000000E+00  2.59778E-06  5.01165E+00
  2.3038327535E+00  8.0000000000E+00  2.38017E-06  4.75892E+00
  2.3038327535E+00  8.2000000000E+00  2.18100E-06  5.27228E+00
  2.3038327535E+00  8.4000000000E+00  1.97091E-06  5.46456E+00
  2.3038327535E+00  8.6000000000E+00  1.80222E-06  5.80359E+00
  2.3038327535E+00  8.8000000000E+00  1.63017E-06  7.40506E+00
  2.3038327535E+00  9.0000000000E+00  1.48982E-06  8.26721E+00
  2.3038327535E+00  9.2000000000E+00  1.29070E-06  7.81333E+00
  2.3038327535E+00  9.4000000000E+00  1.15899E-06  7.26035E+00
  2.3038327535E+00  9.6000000000E+00  1.05534E-06  7.07896E+00
  2.3038327535E+00  9.8000000000E+00  9.74110E-07  7.94470E+00
  2.3038327535E+00  1.0000000000E+01  9.74110E-07  7.94470E+00

  2.5132720947E+00  0.0000000000E+00  2.20232E-02  3.50889E-01
  2.5132720947E+00  2.0000000000E-01  2.89862E-03  8.71434E-01
  2.5132720947E+00  4.0000000000E-01  1.46788E-03  8.78372E-01
  2.5132720947E+00  6.0000000000E-01  8.82871E-04  1.02775E+00
  2.5132720947E+00  8.0000000000E-01  5.84247E-04  1.06324E+00
  2.5132720947E+00  1.0000000000E+00  4.07306E-04  9.82406E-01
  2.5132720947E+00  1.2000000000E+00  2.97039E-04  1.10533E+00
  2.5132720947E+00  1.4000000000E+00  2.23550E-04  1.39254E+00
  2.5132720947E+00  1.6000000000E+00  1.72741E-04  1.59037E+00
  2.5132720947E+00  1.8000000000E+00  1.36813E-04  1.29710E+00
  2.5132720947E+00  2.0000000000E+00  1.10561E-04  1.17914E+00
  2.5132720947E+00  2.2000000000E+00  9.04319E-05  1.45226E+00
  2.5132720947E+00  2.4000000000E+00  7.45755E-05  1.67623E+00
  2.5132720947E+00  2.6000000000E+00  6.30295E-05  2.08511E+00
  2.5132720947E+00  2.8000000000E+00  5.36470E-05  2.32518E+00
  2.5132720947E+00  3.0000000000E+00  4.54958E-05  2.48177E+00
  2.5132720947E+00  3.2000000000E+00  3.86937E-05  2.38110E+00
  2.5132720947E+00  3.4000000000E+00  3.23965E-05  2.17895E+00
  2.5132720947E+00  3.6000000000E+00  2.83485E-05  2.61165E+00
  2.5132720947E+00  3.8000000000E+00  2.47977E-05  2.52314E+00
  2.5132720947E+00  4.0000000000E+00  2.17928E-05  2.81111E+00
  2.5132720947E+00  4.2000000000E+00  1.88178E-05  3.08107E+00
  2.5132720947E+00  4.4000000000E+00  1.65266E-05  3.05656E+00
  2.5132720947E+00  4.6000000000E+00  1.46440E-05  3.31841E+00
  2.5132720947E+00  4.8000000000E+00  1.29206E-05  3.32263E+00
  2.5132720947E+00  5.0000000000E+00  1.14878E-05  2.60340E+00
  2.5132720947E+00  5.2000000000E+00  1.00665E-05  2.71333E+00
  2.5132720947E+00  5.4000000000E+00  8.99129E-06  3.43905E+00
  2.5132720947E+00  5.6000000000E+00  7.94689E-06  4.03092E+00
  2.5132720947E+00  5.8000000000E+00  7.14247E-06  4.48771E+00
  2.5132720947E+00  6.0000000000E+00  6.45453E-06  3.66103E+00
  2.5132720947E+00  6.2000000000E+00  5.80727E-06  4.44829E+00
  2.5132720947E+00  6.4000000000E+00  5.37683E-06  4.34780E+00
  2.5132720947E+00  6.6000000000E+00  4.91464E-06  3.35439E+00
  2.5132720947E+00  6.8000000000E+00  4.44041E-06  3.60207E+00
  2.5132720947E+00  7.0000000000E+00  4.09311E-06  4.57006E+00
  2.5132720947E+00  7.2000000000E+00  3.77086E-06  4.83210E+00
  2.5132720947E+00  7.4000000000E+00  3.38077E-06  5.48700E+00
  2.5132720947E+00  7.6000000000E+00  3.06011E-06  5.85368E+00
  2.5132720947E+00  7.8000000000E+00  2.80264E-06  5.23605E+00
  2.5132720947E+00  8.0000000000E+00  2.45427E-06  5.93306E+00
  2.5132720947E+00  8.2000000000E+00  2.17278E-06  5.85192E+00
  2.5132720947E+00  8.4000000000E+00  2.00760E-06  6.12795E+00
  2.5132720947E+00  8.6000000000E+00  1.81950E-06  7.10503E+00
  2.5132720947E+00  8.8000000000E+00  1.70651E-06  7.90915E+00
  2.5132720947E+00  9.0000000000E+00  1.46513E-06  6.71490E+00
  2.5132720947E+00  9.2000000000E+00  1.28754E-06  7.13905E+00
  2.5132720947E+00  9.4000000000E+00  1.16229E-06  7.45456E+00
  2.5132720947E+00  9.6000000000E+00  1.07388E-06  6.69978E+00
  2.5132720947E+00  9.8000000000E+00  1.05263E-06  6.30685E+00
  2.5132720947E+00  1.0000000000E+01  1.05263E-06  6.30685E+00

  2.7227114360E+00  0.0000000000E+00  2.20232E-02  3.50889E-01
  2.7227114360E+00  2.0000000000E-01  2.89862E-03  8.71434E-01
  2.7227114360E+00  4.0000000000E-01  1.46788E-03  8.78372E-01
  2.7227114360E+00  6.0000000000E-01  8.82871E-04  1.02775E+00
  2.7227114360E+00  8.0000000000E-01  5.84247E-04  1.06324E+00
  2.7227114360E+00  1.0000000000E+00  4.07306E-04  9.82406E-01
  2.7227114360E+00  1.2000000000E+00  2.97039E-04  1.10533E+00
  2.7227114360E+00  1.4000000000E+00  2.23550E-04  1.39254E+00
  2.7227114360E+00  1.6000000000E+00  1.72741E-04  1.59037E+00
  2.7227114360E+00  1.8000000000E+00  1.36813E-04  1.29710E+00
  2.7227114360E+00  2.0000000000E+00  1.10561E-04  1.17914E+00
  2.7227114360E+00  2.2000000000E+00  9.04319E-05  1.45226E+00
  2.7227114360E+00  2.4000000000E+00  7.45755E-05  1.67623E+00
  2.7227114360E+00  2.6000000000E+00  6.30295E-05  2.08511E+00
  2.7227114360E+00  2.8000000000E+00  5.36470E-05  2.32518E+00
  2.7227114360E+00  3.0000000000E+00  4.54958E-05  2.48177E+00
  2.7227114360E+00  3.2000000000E+00  3.86937E-05  2.38110E+00
  2.7227114360E+00  3.4000000000E+00  3.23965E-05  2.17895E+00
  2.7227114360E+00  3.6000000000E+00  2.83485E-05  2.61165E+00
  2.7227114360E+00  3.8000000000E+00  2.47977E-05  2.52314E+00
  2.7227114360E+00  4.0000000000E+00  2.17928E-05  2.81111E+00
  2.7227114360E+00  4.2000000000E+00  1.88178E-05  3.08107E+00
  2.7227114360E+00  4.4000000000E+00  1.65266E-05  3.05656E+00
  2.7227114360E+00  4.6000000000E+00  1.46440E-05  3.31841E+00
  2.7227114360E+00  4.8000000000E+00  1.29206E-05  3.32263E+00
  2.7227114360E+00  5.0000000000E+00  1.14878E-05  2.60340E+00
  2.7227114360E+00  5.2000000000E+00  1.00665E-05  2.71333E+00
  2.7227114360E+00  5.4000000000E+00  8.99129E-06  3.43905E+00
  2.7227114360E+00  5.6000000000E+00  7.94689E-06  4.03092E+00
  2.7227114360E+00  5.8000000000E+00  7.14247E-06  4.48771E+00
  2.7227114360E+00  6.0000000000E+00  6.45453E-06  3.66103E+00
  2.7227114360E+00  6.2000000000E+00  5.80727E-06  4.44829E+00
  2.7227114360E+00  6.4000000000E+00  5.37683E-06  4.34780E+00
  2.7227114360E+00  6.6000000000E+00  4.91464E-06  3.35439E+00
  2.7227114360E+00  6.8000000000E+00  4.44041E-06  3.60207E+00
  2.7227114360E+00  7.0000000000E+00  4.09311E-06  4.57006E+00
  2.7227114360E+00  7.2000000000E+00  3.77086E-06  4.83210E+00
  2.7227114360E+00  7.4000000000E+00  3.38077E-06  5.48700E+00
  2.7227114360E+00  7.6000000000E+00  3.06011E-06  5.85368E+00
  2.7227114360E+00  7.8000000000E+00  2.80264E-06  5.23605E+00
  2.7227114360E+00  8.0000000000E+00  2.45427E-06  5.93306E+00
  2.7227114360E+00  8.2000000000E+00  2.17278E-06  5.85192E+00
  2.7227114360E+00  8.4000000000E+00  2.00760E-06  6.12795E+00
  2.7227114360E+00  8.6000000000E+00  1.81950E-06  7.10503E+00
  2.7227114360E+00  8.8000000000E+00  1.70651E-06  7.90915E+00
  2.7227114360E+00  9.0000000000E+00  1.46513E-06  6.71490E+00
  2.7227114360E+00  9.2000000000E+00  1.28754E-06  7.13905E+00
  2.7227114360E+00  9.4000000000E+00  1.16229E-06  7.45456E+00
  2.7227114360E+00  9.6000000000E+00  1.07388E-06  6.69978E+00
  2.7227114360E+00  9.8000000000E+00  1.05263E-06  6.30685E+00
  2.7227114360E+00  1.0000000000E+01  1.05263E-06  6.30685E+00

  2.9321507772E+00  0.0000000000E+00  2.20232E-02  3.50889E-01
  2.9321507772E+00  2.0000000000E-01  2.89862E-03  8.71434E-01
  2.9321507772E+00  4.0000000000E-01  1.46788E-03  8.78372E-01
  2.9321507772E+00  6.0000000000E-01  8.82871E-04  1.02775E+00
  2.9321507772E+00  8.0000000000E-01  5.84247E-04  1.06324E+00
  2.9321507772E+00  1.0000000000E+00  4.07306E-04  9.82406E-01
  2.9321507772E+00  1.2000000000E+00  2.97039E-04  1.10533E+00
  2.9321507772E+00  1.4000000000E+00  2.23550E-04  1.39254E+00
  2.9321507772E+00  1.6000000000E+00  1.72741E-04  1.59037E+00
  2.9321507772E+00  1.8000000000E+00  1.36813E-04  1.29710E+00
  2.9321507772E+00  2.0000000000E+00  1.10561E-04  1.17914E+00
  2.9321507772E+00  2.2000000000E+00  9.04319E-05  1.45226E+00
  2.9321507772E+00  2.4000000000E+00  7.45755E-05  1.67623E+00
  2.9321507772E+00  2.6000000000E+00  6.30295E-05  2.08511E+00
  2.9321507772E+00  2.8000000000E+00  5.36470E-05  2.32518E+00
  2.9321507772E+00  3.0000000000E+00  4.54958E-05  2.48177E+00
  2.9321507772E+00  3.2000000000E+00  3.86937E-05  2.38110E+00
  2.9321507772E+00  3.4000000000E+00  3.23965E-05  2.17895E+00
  2.9321507772E+00  3.6000000000E+00  2.83485E-05  2.61165E+00
  2.9321507772E+00  3.8000000000E+00  2.47977E-05  2.52314E+00
  2.9321507772E+00  4.0000000000E+00  2.17928E-05  2.81111E+00
  2.9321507772E+00  4.2000000000E+00  1.88178E-05  3.08107E+00
  2.9321507772E+00  4.4000000000E+00  1.65266E-05  3.05656E+00
  2.9321507772E+00  4.6000000000E+00  1.46440E-05  3.31841E+00
  2.9321507772E+00  4.8000000000E+00  1.29206E-05  3.32263E+00
  2.9321507772E+00  5.0000000000E+00  1.14878E-05  2.60340E+00
  2.9321507772E+00  5.2000000000E+00  1.00665E-05  2.71333E+00
  2.9321507772E+00  5.4000000000E+00  8.99129E-06  3.43905E+00
  2.9321507772E+00  5.6000000000E+00  7.94689E-06  4.03092E+00
  2.9321507772E+00  5.8000000000E+00  7.14247E-06  4.48771E+00
  2.9321507772E+00  6.0000000000E+00  6.45453E-06  3.66103E+00
  2.9321507772E+00  6.2000000000E+00  5.80727E-06  4.44829E+00
  2.9321507772E+00  6.4000000000E+00  5.37683E-06  4.34780E+00
  2.9321507772E+00  6.6000000000E+00  4.91464E-06  3.35439E+00
  2.9321507772E+00  6.8000000000E+00  4.44041E-06  3.60207E+00
  2.9321507772E+00  7.0000000000E+00  4.09311E-06  4.57006E+00
  2.9321507772E+00  7.2000000000E+00  3.77086E-06  4.83210E+00
  2.9321507772E+00  7.4000000000E+00  3.38077E-06  5.48700E+00
  2.9321507772E+00  7.6000000000E+00  3.06011E-06  5.85368E+00
  2.9321507772E+00  7.8000000000E+00  2.80264E-06  5.23605E+00
  2.9321507772E+00  8.0000000000E+00  2.45427E-06  5.93306E+00
  2.9321507772E+00  8.2000000000E+00  2.17278E-06  5.85192E+00
  2.9321507772E+00  8.4000000000E+00  2.00760E-06  6.12795E+00
  2.9321507772E+00  8.6000000000E+00  1.81950E-06  7.10503E+00
  2.9321507772E+00  8.8000000000E+00  1.70651E-06  7.90915E+00
  2.9321507772E+00  9.0000000000E+00  1.46513E-06  6.71490E+00
  2.9321507772E+00  9.2000000000E+00  1.28754E-06  7.13905E+00
  2.9321507772E+00  9.4000000000E+00  1.16229E-06  7.45456E+00
  2.9321507772E+00  9.6000000000E+00  1.07388E-06  6.69978E+00
  2.9321507772E+00  9.8000000000E+00  1.05263E-06  6.30685E+00
  2.9321507772E+00  1.0000000000E+01  1.05263E-06  6.30685E+00

  3.1415901184E+00  0.0000000000E+00  2.20232E-02  3.50889E-01
  3.1415901184E+00  2.0000000000E-01  2.89862E-03  8.71434E-01
  3.1415901184E+00  4.0000000000E-01  1.46788E-03  8.78372E-01
  3.1415901184E+00  6.0000000000E-01  8.82871E-04  1.02775E+00
  3.1415901184E+00  8.0000000000E-01  5.84247E-04  1.06324E+00
  3.1415901184E+00  1.0000000000E+00  4.07306E-04  9.82406E-01
  3.1415901184E+00  1.2000000000E+00  2.97039E-04  1.10533E+00
  3.1415901184E+00  1.4000000000E+00  2.23550E-04  1.39254E+00
  3.1415901184E+00  1.6000000000E+00  1.72741E-04  1.59037E+00
  3.1415901184E+00  1.8000000000E+00  1.36813E-04  1.29710E+00
  3.1415901184E+00  2.0000000000E+00  1.10561E-04  1.17914E+00
  3.1415901184E+00  2.2000000000E+00  9.04319E-05  1.45226E+00
  3.1415901184E+00  2.4000000000E+00  7.45755E-05  1.67623E+00
  3.1415901184E+00  2.6000000000E+00  6.30295E-05  2.08511E+00
  3.1415901184E+00  2.8000000000E+00  5.36470E-05  2.32518E+00
  3.1415901184E+00  3.0000000000E+00  4.54958E-05  2.48177E+00
  3.1415901184E+00  3.2000000000E+00  3.86937E-05  2.38110E+00
  3.1415901184E+00  3.4000000000E+00  3.23965E-05  2.17895E+00
  3.1415901184E+00  3.6000000000E+00  2.83485E-05  2.61165E+00
  3.1415901184E+00  3.8000000000E+00  2.47977E-05  2.52314E+00
  3.1415901184E+00  4.0000000000E+00  2.17928E-05  2.81111E+00
  3.1415901184E+00  4.2000000000E+00  1.88178E-05  3.08107E+00
  3.1415901184E+00  4.4000000000E+00  1.65266E-05  3.05656E+00
  3.1415901184E+00  4.6000000000E+00  1.46440E-05  3.31841E+00
  3.1415901184E+00  4.8000000000E+00  1.29206E-05  3.32263E+00
  3.1415901184E+00  5.0000000000E+00  1.14878E-05  2.60340E+00
  3.1415901184E+00  5.2000000000E+00  1.00665E-05  2.71333E+00
  3.1415901184E+00  5.4000000000E+00  8.99129E-06  3.43905E+00
  3.1415901184E+00  5.6000000000E+00  7.94689E-06  4.03092E+00
  3.1415901184E+00  5.8000000000E+00  7.14247E-06  4.48771E+00
  3.1415901184E+00  6.0000000000E+00  6.45453E-06  3.66103E+00
  3.1415901184E+00  6.2000000000E+00  5.80727E-06  4.44829E+00
  3.1415901184E+00  6.4000000000E+00  5.37683E-06  4.34780E+00
  3.1415901184E+00  6.6000000000E+00  4.91464E-06  3.35439E+00
  3.1415901184E+00  6.8000000000E+00  4.44041E-06  3.60207E+00
  3.1415901184E+00  7.0000000000E+00  4.09311E-06  4.57006E+00
  3.1415901184E+00  7.2000000000E+00  3.77086E-06  4.83210E+00
  3.1415901184E+00  7.4000000000E+00  3.38077E-06  5.48700E+00
  3.1415901184E+00  7.6000000000E+00  3.06011E-06  5.85368E+00
  3.1415901184E+00  7.8000000000E+00  2.80264E-06  5.23605E+00
  3.1415901184E+00  8.0000000000E+00  2.45427E-06  5.93306E+00
  3.1415901184E+00  8.2000000000E+00  2.17278E-06  5.85192E+00
  3.1415901184E+00  8.4000000000E+00  2.00760E-06  6.12795E+00
  3.1415901184E+00  8.6000000000E+00  1.81950E-06  7.10503E+00
  3.1415901184E+00  8.8000000000E+00  1.70651E-06  7.90915E+00
  3.1415901184E+00  9.0000000000E+00  1.46513E-06  6.71490E+00
  3.1415901184E+00  9.2000000000E+00  1.28754E-06  7.13905E+00
  3.1415901184E+00  9.4000000000E+00  1.16229E-06  7.45456E+00
  3.1415901184E+00  9.6000000000E+00  1.07388E-06  6.69978E+00
  3.1415901184E+00  9.8000000000E+00  1.05263E-06  6.30685E+00
  3.1415901184E+00  1.0000000000E+01  1.05263E-06  6.30685E+00
